15
##start
start 0 1
##end
end 1 0
0 0 0
1 1 1
2 2 2
3 3 3
4 4 4
5 5 5
6 6 6
7 7 7
8 8 8
9 9 9
10 10 10
11 11 11
12 12 12
13 13 13
14 14 14
15 15 15
16 16 16
17 17 17
18 18 18
19 19 19
20 20 20
21 21 21
22 22 22
23 23 23
24 24 24
25 25 25
26 26 26
27 27 27
28 28 28
29 29 29
30 30 30
31 31 31
32 32 32
33 33 33
34 34 34
35 35 35
36 36 36
37 37 37
38 38 38
39 39 39
40 40 40
41 41 41
42 42 42
43 43 43
44 44 44
45 45 45
46 46 46
47 47 47
48 48 48
49 49 49
50 50 50
51 51 51
52 52 52
53 53 53
54 54 54
55 55 55
56 56 56
57 57 57
58 58 58
59 59 59
60 60 60
61 61 61
62 62 62
63 63 63
64 64 64
65 65 65
66 66 66
67 67 67
68 68 68
69 69 69
70 70 70
71 71 71
72 72 72
73 73 73
74 74 74
75 75 75
76 76 76
77 77 77
78 78 78
79 79 79
80 80 80
81 81 81
82 82 82
83 83 83
84 84 84
85 85 85
86 86 86
87 87 87
88 88 88
89 89 89
90 90 90
91 91 91
92 92 92
93 93 93
94 94 94
95 95 95
96 96 96
97 97 97
98 98 98
99 99 99
100 100 100
101 101 101
102 102 102
103 103 103
104 104 104
105 105 105
106 106 106
107 107 107
108 108 108
109 109 109
110 110 110
111 111 111
112 112 112
113 113 113
114 114 114
115 115 115
116 116 116
117 117 117
118 118 118
119 119 119
120 120 120
121 121 121
122 122 122
123 123 123
124 124 124
125 125 125
126 126 126
127 127 127
128 128 128
129 129 129
130 130 130
131 131 131
132 132 132
133 133 133
134 134 134
135 135 135
136 136 136
137 137 137
138 138 138
139 139 139
140 140 140
141 141 141
142 142 142
143 143 143
144 144 144
145 145 145
146 146 146
147 147 147
148 148 148
149 149 149
150 150 150
151 151 151
152 152 152
153 153 153
154 154 154
155 155 155
156 156 156
157 157 157
158 158 158
159 159 159
160 160 160
161 161 161
162 162 162
163 163 163
164 164 164
165 165 165
166 166 166
167 167 167
168 168 168
169 169 169
170 170 170
171 171 171
172 172 172
173 173 173
174 174 174
175 175 175
176 176 176
177 177 177
178 178 178
179 179 179
180 180 180
181 181 181
182 182 182
183 183 183
184 184 184
185 185 185
186 186 186
187 187 187
188 188 188
189 189 189
190 190 190
191 191 191
192 192 192
193 193 193
194 194 194
195 195 195
196 196 196
197 197 197
198 198 198
199 199 199
200 200 200
201 201 201
202 202 202
203 203 203
204 204 204
205 205 205
206 206 206
207 207 207
208 208 208
209 209 209
210 210 210
211 211 211
212 212 212
213 213 213
214 214 214
215 215 215
216 216 216
217 217 217
218 218 218
219 219 219
220 220 220
221 221 221
222 222 222
223 223 223
224 224 224
225 225 225
226 226 226
227 227 227
228 228 228
229 229 229
230 230 230
231 231 231
232 232 232
233 233 233
234 234 234
235 235 235
236 236 236
237 237 237
238 238 238
239 239 239
240 240 240
241 241 241
242 242 242
243 243 243
244 244 244
245 245 245
246 246 246
247 247 247
248 248 248
249 249 249
250 250 250
251 251 251
252 252 252
253 253 253
254 254 254
255 255 255
256 256 256
257 257 257
258 258 258
259 259 259
260 260 260
261 261 261
262 262 262
263 263 263
264 264 264
265 265 265
266 266 266
267 267 267
268 268 268
269 269 269
270 270 270
271 271 271
272 272 272
273 273 273
274 274 274
275 275 275
276 276 276
277 277 277
278 278 278
279 279 279
280 280 280
281 281 281
282 282 282
283 283 283
284 284 284
285 285 285
286 286 286
287 287 287
288 288 288
289 289 289
290 290 290
291 291 291
292 292 292
293 293 293
294 294 294
295 295 295
296 296 296
297 297 297
298 298 298
299 299 299
300 300 300
301 301 301
302 302 302
303 303 303
304 304 304
305 305 305
306 306 306
307 307 307
308 308 308
309 309 309
310 310 310
311 311 311
312 312 312
313 313 313
314 314 314
315 315 315
316 316 316
317 317 317
318 318 318
319 319 319
320 320 320
321 321 321
322 322 322
323 323 323
324 324 324
325 325 325
326 326 326
327 327 327
328 328 328
329 329 329
330 330 330
331 331 331
332 332 332
333 333 333
334 334 334
335 335 335
336 336 336
337 337 337
338 338 338
339 339 339
340 340 340
341 341 341
342 342 342
343 343 343
344 344 344
345 345 345
346 346 346
347 347 347
348 348 348
349 349 349
350 350 350
351 351 351
352 352 352
353 353 353
354 354 354
355 355 355
356 356 356
357 357 357
358 358 358
359 359 359
360 360 360
361 361 361
362 362 362
363 363 363
364 364 364
365 365 365
366 366 366
367 367 367
368 368 368
369 369 369
370 370 370
371 371 371
372 372 372
373 373 373
374 374 374
375 375 375
376 376 376
377 377 377
378 378 378
379 379 379
380 380 380
381 381 381
382 382 382
383 383 383
384 384 384
385 385 385
386 386 386
387 387 387
388 388 388
389 389 389
390 390 390
391 391 391
392 392 392
393 393 393
394 394 394
395 395 395
396 396 396
397 397 397
398 398 398
399 399 399
400 400 400
401 401 401
402 402 402
403 403 403
404 404 404
405 405 405
406 406 406
407 407 407
408 408 408
409 409 409
410 410 410
411 411 411
412 412 412
413 413 413
414 414 414
415 415 415
416 416 416
417 417 417
418 418 418
419 419 419
420 420 420
421 421 421
422 422 422
423 423 423
424 424 424
425 425 425
426 426 426
427 427 427
428 428 428
429 429 429
430 430 430
431 431 431
432 432 432
433 433 433
434 434 434
435 435 435
436 436 436
437 437 437
438 438 438
439 439 439
440 440 440
441 441 441
442 442 442
443 443 443
444 444 444
445 445 445
446 446 446
447 447 447
448 448 448
449 449 449
450 450 450
451 451 451
452 452 452
453 453 453
454 454 454
455 455 455
456 456 456
457 457 457
458 458 458
459 459 459
460 460 460
461 461 461
462 462 462
463 463 463
464 464 464
465 465 465
466 466 466
467 467 467
468 468 468
469 469 469
470 470 470
471 471 471
472 472 472
473 473 473
474 474 474
475 475 475
476 476 476
477 477 477
478 478 478
479 479 479
480 480 480
481 481 481
482 482 482
483 483 483
484 484 484
485 485 485
486 486 486
487 487 487
488 488 488
489 489 489
490 490 490
491 491 491
492 492 492
493 493 493
494 494 494
495 495 495
496 496 496
497 497 497
498 498 498
499 499 499
500 500 500
501 501 501
502 502 502
503 503 503
504 504 504
505 505 505
506 506 506
507 507 507
508 508 508
509 509 509
510 510 510
511 511 511
512 512 512
513 513 513
514 514 514
515 515 515
516 516 516
517 517 517
518 518 518
519 519 519
520 520 520
521 521 521
522 522 522
523 523 523
524 524 524
525 525 525
526 526 526
527 527 527
528 528 528
529 529 529
530 530 530
531 531 531
532 532 532
533 533 533
534 534 534
535 535 535
536 536 536
537 537 537
538 538 538
539 539 539
540 540 540
541 541 541
542 542 542
543 543 543
544 544 544
545 545 545
546 546 546
547 547 547
548 548 548
549 549 549
550 550 550
551 551 551
552 552 552
553 553 553
554 554 554
555 555 555
556 556 556
557 557 557
558 558 558
559 559 559
560 560 560
561 561 561
562 562 562
563 563 563
564 564 564
565 565 565
566 566 566
567 567 567
568 568 568
569 569 569
570 570 570
571 571 571
572 572 572
573 573 573
574 574 574
575 575 575
576 576 576
577 577 577
578 578 578
579 579 579
580 580 580
581 581 581
582 582 582
583 583 583
584 584 584
585 585 585
586 586 586
587 587 587
588 588 588
589 589 589
590 590 590
591 591 591
592 592 592
593 593 593
594 594 594
595 595 595
596 596 596
597 597 597
598 598 598
599 599 599
600 600 600
601 601 601
602 602 602
603 603 603
604 604 604
605 605 605
606 606 606
607 607 607
608 608 608
609 609 609
610 610 610
611 611 611
612 612 612
613 613 613
614 614 614
615 615 615
616 616 616
617 617 617
618 618 618
619 619 619
620 620 620
621 621 621
622 622 622
623 623 623
624 624 624
625 625 625
626 626 626
627 627 627
628 628 628
629 629 629
630 630 630
631 631 631
632 632 632
633 633 633
634 634 634
635 635 635
636 636 636
637 637 637
638 638 638
639 639 639
640 640 640
641 641 641
642 642 642
643 643 643
644 644 644
645 645 645
646 646 646
647 647 647
648 648 648
649 649 649
650 650 650
651 651 651
652 652 652
653 653 653
654 654 654
655 655 655
656 656 656
657 657 657
658 658 658
659 659 659
660 660 660
661 661 661
662 662 662
663 663 663
664 664 664
665 665 665
666 666 666
667 667 667
668 668 668
669 669 669
670 670 670
671 671 671
672 672 672
673 673 673
674 674 674
675 675 675
676 676 676
677 677 677
678 678 678
679 679 679
680 680 680
681 681 681
682 682 682
683 683 683
684 684 684
685 685 685
686 686 686
687 687 687
688 688 688
689 689 689
690 690 690
691 691 691
692 692 692
693 693 693
694 694 694
695 695 695
696 696 696
697 697 697
698 698 698
699 699 699
700 700 700
701 701 701
702 702 702
703 703 703
704 704 704
705 705 705
706 706 706
707 707 707
708 708 708
709 709 709
710 710 710
711 711 711
712 712 712
713 713 713
714 714 714
715 715 715
716 716 716
717 717 717
718 718 718
719 719 719
720 720 720
721 721 721
722 722 722
723 723 723
724 724 724
725 725 725
726 726 726
727 727 727
728 728 728
729 729 729
730 730 730
731 731 731
732 732 732
733 733 733
734 734 734
735 735 735
736 736 736
737 737 737
738 738 738
739 739 739
740 740 740
741 741 741
742 742 742
743 743 743
744 744 744
745 745 745
746 746 746
747 747 747
748 748 748
749 749 749
750 750 750
751 751 751
752 752 752
753 753 753
754 754 754
755 755 755
756 756 756
757 757 757
758 758 758
759 759 759
760 760 760
761 761 761
762 762 762
763 763 763
764 764 764
765 765 765
766 766 766
767 767 767
768 768 768
769 769 769
770 770 770
771 771 771
772 772 772
773 773 773
774 774 774
775 775 775
776 776 776
777 777 777
778 778 778
779 779 779
780 780 780
781 781 781
782 782 782
783 783 783
784 784 784
785 785 785
786 786 786
787 787 787
788 788 788
789 789 789
790 790 790
791 791 791
792 792 792
793 793 793
794 794 794
795 795 795
796 796 796
797 797 797
798 798 798
799 799 799
800 800 800
801 801 801
802 802 802
803 803 803
804 804 804
805 805 805
806 806 806
807 807 807
808 808 808
809 809 809
810 810 810
811 811 811
812 812 812
813 813 813
814 814 814
815 815 815
816 816 816
817 817 817
818 818 818
819 819 819
820 820 820
821 821 821
822 822 822
823 823 823
824 824 824
825 825 825
826 826 826
827 827 827
828 828 828
829 829 829
830 830 830
831 831 831
832 832 832
833 833 833
834 834 834
835 835 835
836 836 836
837 837 837
838 838 838
839 839 839
840 840 840
841 841 841
842 842 842
843 843 843
844 844 844
845 845 845
846 846 846
847 847 847
848 848 848
849 849 849
850 850 850
851 851 851
852 852 852
853 853 853
854 854 854
855 855 855
856 856 856
857 857 857
858 858 858
859 859 859
860 860 860
861 861 861
862 862 862
863 863 863
864 864 864
865 865 865
866 866 866
867 867 867
868 868 868
869 869 869
870 870 870
871 871 871
872 872 872
873 873 873
874 874 874
875 875 875
876 876 876
877 877 877
878 878 878
879 879 879
880 880 880
881 881 881
882 882 882
883 883 883
884 884 884
885 885 885
886 886 886
887 887 887
888 888 888
889 889 889
890 890 890
891 891 891
892 892 892
893 893 893
894 894 894
895 895 895
896 896 896
897 897 897
898 898 898
899 899 899
900 900 900
901 901 901
902 902 902
903 903 903
904 904 904
905 905 905
906 906 906
907 907 907
908 908 908
909 909 909
910 910 910
911 911 911
912 912 912
913 913 913
914 914 914
915 915 915
916 916 916
917 917 917
918 918 918
919 919 919
920 920 920
921 921 921
922 922 922
923 923 923
924 924 924
925 925 925
926 926 926
927 927 927
928 928 928
929 929 929
930 930 930
931 931 931
932 932 932
933 933 933
934 934 934
935 935 935
936 936 936
937 937 937
938 938 938
939 939 939
940 940 940
941 941 941
942 942 942
943 943 943
944 944 944
945 945 945
946 946 946
947 947 947
948 948 948
949 949 949
950 950 950
951 951 951
952 952 952
953 953 953
954 954 954
955 955 955
956 956 956
957 957 957
958 958 958
959 959 959
960 960 960
961 961 961
962 962 962
963 963 963
964 964 964
965 965 965
966 966 966
967 967 967
968 968 968
969 969 969
970 970 970
971 971 971
972 972 972
973 973 973
974 974 974
975 975 975
976 976 976
977 977 977
978 978 978
979 979 979
980 980 980
981 981 981
982 982 982
983 983 983
984 984 984
985 985 985
986 986 986
987 987 987
988 988 988
989 989 989
990 990 990
991 991 991
992 992 992
993 993 993
994 994 994
995 995 995
996 996 996
997 997 997
998 998 998
999 999 999
1000 1000 1000
1001 1001 1001
1002 1002 1002
1003 1003 1003
1004 1004 1004
1005 1005 1005
1006 1006 1006
1007 1007 1007
1008 1008 1008
1009 1009 1009
1010 1010 1010
1011 1011 1011
1012 1012 1012
1013 1013 1013
1014 1014 1014
1015 1015 1015
1016 1016 1016
1017 1017 1017
1018 1018 1018
1019 1019 1019
1020 1020 1020
1021 1021 1021
1022 1022 1022
1023 1023 1023
1024 1024 1024
1025 1025 1025
1026 1026 1026
1027 1027 1027
1028 1028 1028
1029 1029 1029
1030 1030 1030
1031 1031 1031
1032 1032 1032
1033 1033 1033
1034 1034 1034
1035 1035 1035
1036 1036 1036
1037 1037 1037
1038 1038 1038
1039 1039 1039
1040 1040 1040
1041 1041 1041
1042 1042 1042
1043 1043 1043
1044 1044 1044
1045 1045 1045
1046 1046 1046
1047 1047 1047
1048 1048 1048
1049 1049 1049
1050 1050 1050
1051 1051 1051
1052 1052 1052
1053 1053 1053
1054 1054 1054
1055 1055 1055
1056 1056 1056
1057 1057 1057
1058 1058 1058
1059 1059 1059
1060 1060 1060
1061 1061 1061
1062 1062 1062
1063 1063 1063
1064 1064 1064
1065 1065 1065
1066 1066 1066
1067 1067 1067
1068 1068 1068
1069 1069 1069
1070 1070 1070
1071 1071 1071
1072 1072 1072
1073 1073 1073
1074 1074 1074
1075 1075 1075
1076 1076 1076
1077 1077 1077
1078 1078 1078
1079 1079 1079
1080 1080 1080
1081 1081 1081
1082 1082 1082
1083 1083 1083
1084 1084 1084
1085 1085 1085
1086 1086 1086
1087 1087 1087
1088 1088 1088
1089 1089 1089
1090 1090 1090
1091 1091 1091
1092 1092 1092
1093 1093 1093
1094 1094 1094
1095 1095 1095
1096 1096 1096
1097 1097 1097
1098 1098 1098
1099 1099 1099
1100 1100 1100
1101 1101 1101
1102 1102 1102
1103 1103 1103
1104 1104 1104
1105 1105 1105
1106 1106 1106
1107 1107 1107
1108 1108 1108
1109 1109 1109
1110 1110 1110
1111 1111 1111
1112 1112 1112
1113 1113 1113
1114 1114 1114
1115 1115 1115
1116 1116 1116
1117 1117 1117
1118 1118 1118
1119 1119 1119
1120 1120 1120
1121 1121 1121
1122 1122 1122
1123 1123 1123
1124 1124 1124
1125 1125 1125
1126 1126 1126
1127 1127 1127
1128 1128 1128
1129 1129 1129
1130 1130 1130
1131 1131 1131
1132 1132 1132
1133 1133 1133
1134 1134 1134
1135 1135 1135
1136 1136 1136
1137 1137 1137
1138 1138 1138
1139 1139 1139
1140 1140 1140
1141 1141 1141
1142 1142 1142
1143 1143 1143
1144 1144 1144
1145 1145 1145
1146 1146 1146
1147 1147 1147
1148 1148 1148
1149 1149 1149
1150 1150 1150
1151 1151 1151
1152 1152 1152
1153 1153 1153
1154 1154 1154
1155 1155 1155
1156 1156 1156
1157 1157 1157
1158 1158 1158
1159 1159 1159
1160 1160 1160
1161 1161 1161
1162 1162 1162
1163 1163 1163
1164 1164 1164
1165 1165 1165
1166 1166 1166
1167 1167 1167
1168 1168 1168
1169 1169 1169
1170 1170 1170
1171 1171 1171
1172 1172 1172
1173 1173 1173
1174 1174 1174
1175 1175 1175
1176 1176 1176
1177 1177 1177
1178 1178 1178
1179 1179 1179
1180 1180 1180
1181 1181 1181
1182 1182 1182
1183 1183 1183
1184 1184 1184
1185 1185 1185
1186 1186 1186
1187 1187 1187
1188 1188 1188
1189 1189 1189
1190 1190 1190
1191 1191 1191
1192 1192 1192
1193 1193 1193
1194 1194 1194
1195 1195 1195
1196 1196 1196
1197 1197 1197
1198 1198 1198
1199 1199 1199
1200 1200 1200
1201 1201 1201
1202 1202 1202
1203 1203 1203
1204 1204 1204
1205 1205 1205
1206 1206 1206
1207 1207 1207
1208 1208 1208
1209 1209 1209
1210 1210 1210
1211 1211 1211
1212 1212 1212
1213 1213 1213
1214 1214 1214
1215 1215 1215
1216 1216 1216
1217 1217 1217
1218 1218 1218
1219 1219 1219
1220 1220 1220
1221 1221 1221
1222 1222 1222
1223 1223 1223
1224 1224 1224
1225 1225 1225
1226 1226 1226
1227 1227 1227
1228 1228 1228
1229 1229 1229
1230 1230 1230
1231 1231 1231
1232 1232 1232
1233 1233 1233
1234 1234 1234
1235 1235 1235
1236 1236 1236
1237 1237 1237
1238 1238 1238
1239 1239 1239
1240 1240 1240
1241 1241 1241
1242 1242 1242
1243 1243 1243
1244 1244 1244
1245 1245 1245
1246 1246 1246
1247 1247 1247
1248 1248 1248
1249 1249 1249
1250 1250 1250
1251 1251 1251
1252 1252 1252
1253 1253 1253
1254 1254 1254
1255 1255 1255
1256 1256 1256
1257 1257 1257
1258 1258 1258
1259 1259 1259
1260 1260 1260
1261 1261 1261
1262 1262 1262
1263 1263 1263
1264 1264 1264
1265 1265 1265
1266 1266 1266
1267 1267 1267
1268 1268 1268
1269 1269 1269
1270 1270 1270
1271 1271 1271
1272 1272 1272
1273 1273 1273
1274 1274 1274
1275 1275 1275
1276 1276 1276
1277 1277 1277
1278 1278 1278
1279 1279 1279
1280 1280 1280
1281 1281 1281
1282 1282 1282
1283 1283 1283
1284 1284 1284
1285 1285 1285
1286 1286 1286
1287 1287 1287
1288 1288 1288
1289 1289 1289
1290 1290 1290
1291 1291 1291
1292 1292 1292
1293 1293 1293
1294 1294 1294
1295 1295 1295
1296 1296 1296
1297 1297 1297
1298 1298 1298
1299 1299 1299
1300 1300 1300
1301 1301 1301
1302 1302 1302
1303 1303 1303
1304 1304 1304
1305 1305 1305
1306 1306 1306
1307 1307 1307
1308 1308 1308
1309 1309 1309
1310 1310 1310
1311 1311 1311
1312 1312 1312
1313 1313 1313
1314 1314 1314
1315 1315 1315
1316 1316 1316
1317 1317 1317
1318 1318 1318
1319 1319 1319
1320 1320 1320
1321 1321 1321
1322 1322 1322
1323 1323 1323
1324 1324 1324
1325 1325 1325
1326 1326 1326
1327 1327 1327
1328 1328 1328
1329 1329 1329
1330 1330 1330
1331 1331 1331
1332 1332 1332
1333 1333 1333
1334 1334 1334
1335 1335 1335
1336 1336 1336
1337 1337 1337
1338 1338 1338
1339 1339 1339
1340 1340 1340
1341 1341 1341
1342 1342 1342
1343 1343 1343
1344 1344 1344
1345 1345 1345
1346 1346 1346
1347 1347 1347
1348 1348 1348
1349 1349 1349
1350 1350 1350
1351 1351 1351
1352 1352 1352
1353 1353 1353
1354 1354 1354
1355 1355 1355
1356 1356 1356
1357 1357 1357
1358 1358 1358
1359 1359 1359
1360 1360 1360
1361 1361 1361
1362 1362 1362
1363 1363 1363
1364 1364 1364
1365 1365 1365
1366 1366 1366
1367 1367 1367
1368 1368 1368
1369 1369 1369
1370 1370 1370
1371 1371 1371
1372 1372 1372
1373 1373 1373
1374 1374 1374
1375 1375 1375
1376 1376 1376
1377 1377 1377
1378 1378 1378
1379 1379 1379
1380 1380 1380
1381 1381 1381
1382 1382 1382
1383 1383 1383
1384 1384 1384
1385 1385 1385
1386 1386 1386
1387 1387 1387
1388 1388 1388
1389 1389 1389
1390 1390 1390
1391 1391 1391
1392 1392 1392
1393 1393 1393
1394 1394 1394
1395 1395 1395
1396 1396 1396
1397 1397 1397
1398 1398 1398
1399 1399 1399
1400 1400 1400
1401 1401 1401
1402 1402 1402
1403 1403 1403
1404 1404 1404
1405 1405 1405
1406 1406 1406
1407 1407 1407
1408 1408 1408
1409 1409 1409
1410 1410 1410
1411 1411 1411
1412 1412 1412
1413 1413 1413
1414 1414 1414
1415 1415 1415
1416 1416 1416
1417 1417 1417
1418 1418 1418
1419 1419 1419
1420 1420 1420
1421 1421 1421
1422 1422 1422
1423 1423 1423
1424 1424 1424
1425 1425 1425
1426 1426 1426
1427 1427 1427
1428 1428 1428
1429 1429 1429
1430 1430 1430
1431 1431 1431
1432 1432 1432
1433 1433 1433
1434 1434 1434
1435 1435 1435
1436 1436 1436
1437 1437 1437
1438 1438 1438
1439 1439 1439
1440 1440 1440
1441 1441 1441
1442 1442 1442
1443 1443 1443
1444 1444 1444
1445 1445 1445
1446 1446 1446
1447 1447 1447
1448 1448 1448
1449 1449 1449
1450 1450 1450
1451 1451 1451
1452 1452 1452
1453 1453 1453
1454 1454 1454
1455 1455 1455
1456 1456 1456
1457 1457 1457
1458 1458 1458
1459 1459 1459
1460 1460 1460
1461 1461 1461
1462 1462 1462
1463 1463 1463
1464 1464 1464
1465 1465 1465
1466 1466 1466
1467 1467 1467
1468 1468 1468
1469 1469 1469
1470 1470 1470
1471 1471 1471
1472 1472 1472
1473 1473 1473
1474 1474 1474
1475 1475 1475
1476 1476 1476
1477 1477 1477
1478 1478 1478
1479 1479 1479
1480 1480 1480
1481 1481 1481
1482 1482 1482
1483 1483 1483
1484 1484 1484
1485 1485 1485
1486 1486 1486
1487 1487 1487
1488 1488 1488
1489 1489 1489
1490 1490 1490
1491 1491 1491
1492 1492 1492
1493 1493 1493
1494 1494 1494
1495 1495 1495
1496 1496 1496
1497 1497 1497
1498 1498 1498
1499 1499 1499
1500 1500 1500
1501 1501 1501
1502 1502 1502
1503 1503 1503
1504 1504 1504
1505 1505 1505
1506 1506 1506
1507 1507 1507
1508 1508 1508
1509 1509 1509
1510 1510 1510
1511 1511 1511
1512 1512 1512
1513 1513 1513
1514 1514 1514
1515 1515 1515
1516 1516 1516
1517 1517 1517
1518 1518 1518
1519 1519 1519
1520 1520 1520
1521 1521 1521
1522 1522 1522
1523 1523 1523
1524 1524 1524
1525 1525 1525
1526 1526 1526
1527 1527 1527
1528 1528 1528
1529 1529 1529
1530 1530 1530
1531 1531 1531
1532 1532 1532
1533 1533 1533
1534 1534 1534
1535 1535 1535
1536 1536 1536
1537 1537 1537
1538 1538 1538
1539 1539 1539
1540 1540 1540
1541 1541 1541
1542 1542 1542
1543 1543 1543
1544 1544 1544
1545 1545 1545
1546 1546 1546
1547 1547 1547
1548 1548 1548
1549 1549 1549
1550 1550 1550
1551 1551 1551
1552 1552 1552
1553 1553 1553
1554 1554 1554
1555 1555 1555
1556 1556 1556
1557 1557 1557
1558 1558 1558
1559 1559 1559
1560 1560 1560
1561 1561 1561
1562 1562 1562
1563 1563 1563
1564 1564 1564
1565 1565 1565
1566 1566 1566
1567 1567 1567
1568 1568 1568
1569 1569 1569
1570 1570 1570
1571 1571 1571
1572 1572 1572
1573 1573 1573
1574 1574 1574
1575 1575 1575
1576 1576 1576
1577 1577 1577
1578 1578 1578
1579 1579 1579
1580 1580 1580
1581 1581 1581
1582 1582 1582
1583 1583 1583
1584 1584 1584
1585 1585 1585
1586 1586 1586
1587 1587 1587
1588 1588 1588
1589 1589 1589
1590 1590 1590
1591 1591 1591
1592 1592 1592
1593 1593 1593
1594 1594 1594
1595 1595 1595
1596 1596 1596
1597 1597 1597
1598 1598 1598
1599 1599 1599
1600 1600 1600
1601 1601 1601
1602 1602 1602
1603 1603 1603
1604 1604 1604
1605 1605 1605
1606 1606 1606
1607 1607 1607
1608 1608 1608
1609 1609 1609
1610 1610 1610
1611 1611 1611
1612 1612 1612
1613 1613 1613
1614 1614 1614
1615 1615 1615
1616 1616 1616
1617 1617 1617
1618 1618 1618
1619 1619 1619
1620 1620 1620
1621 1621 1621
1622 1622 1622
1623 1623 1623
1624 1624 1624
1625 1625 1625
1626 1626 1626
1627 1627 1627
1628 1628 1628
1629 1629 1629
1630 1630 1630
1631 1631 1631
1632 1632 1632
1633 1633 1633
1634 1634 1634
1635 1635 1635
1636 1636 1636
1637 1637 1637
1638 1638 1638
1639 1639 1639
1640 1640 1640
1641 1641 1641
1642 1642 1642
1643 1643 1643
1644 1644 1644
1645 1645 1645
1646 1646 1646
1647 1647 1647
1648 1648 1648
1649 1649 1649
1650 1650 1650
1651 1651 1651
1652 1652 1652
1653 1653 1653
1654 1654 1654
1655 1655 1655
1656 1656 1656
1657 1657 1657
1658 1658 1658
1659 1659 1659
1660 1660 1660
1661 1661 1661
1662 1662 1662
1663 1663 1663
1664 1664 1664
1665 1665 1665
1666 1666 1666
1667 1667 1667
1668 1668 1668
1669 1669 1669
1670 1670 1670
1671 1671 1671
1672 1672 1672
1673 1673 1673
1674 1674 1674
1675 1675 1675
1676 1676 1676
1677 1677 1677
1678 1678 1678
1679 1679 1679
1680 1680 1680
1681 1681 1681
1682 1682 1682
1683 1683 1683
1684 1684 1684
1685 1685 1685
1686 1686 1686
1687 1687 1687
1688 1688 1688
1689 1689 1689
1690 1690 1690
1691 1691 1691
1692 1692 1692
1693 1693 1693
1694 1694 1694
1695 1695 1695
1696 1696 1696
1697 1697 1697
1698 1698 1698
1699 1699 1699
1700 1700 1700
1701 1701 1701
1702 1702 1702
1703 1703 1703
1704 1704 1704
1705 1705 1705
1706 1706 1706
1707 1707 1707
1708 1708 1708
1709 1709 1709
1710 1710 1710
1711 1711 1711
1712 1712 1712
1713 1713 1713
1714 1714 1714
1715 1715 1715
1716 1716 1716
1717 1717 1717
1718 1718 1718
1719 1719 1719
1720 1720 1720
1721 1721 1721
1722 1722 1722
1723 1723 1723
1724 1724 1724
1725 1725 1725
1726 1726 1726
1727 1727 1727
1728 1728 1728
1729 1729 1729
1730 1730 1730
1731 1731 1731
1732 1732 1732
1733 1733 1733
1734 1734 1734
1735 1735 1735
1736 1736 1736
1737 1737 1737
1738 1738 1738
1739 1739 1739
1740 1740 1740
1741 1741 1741
1742 1742 1742
1743 1743 1743
1744 1744 1744
1745 1745 1745
1746 1746 1746
1747 1747 1747
1748 1748 1748
1749 1749 1749
1750 1750 1750
1751 1751 1751
1752 1752 1752
1753 1753 1753
1754 1754 1754
1755 1755 1755
1756 1756 1756
1757 1757 1757
1758 1758 1758
1759 1759 1759
1760 1760 1760
1761 1761 1761
1762 1762 1762
1763 1763 1763
1764 1764 1764
1765 1765 1765
1766 1766 1766
1767 1767 1767
1768 1768 1768
1769 1769 1769
1770 1770 1770
1771 1771 1771
1772 1772 1772
1773 1773 1773
1774 1774 1774
1775 1775 1775
1776 1776 1776
1777 1777 1777
1778 1778 1778
1779 1779 1779
1780 1780 1780
1781 1781 1781
1782 1782 1782
1783 1783 1783
1784 1784 1784
1785 1785 1785
1786 1786 1786
1787 1787 1787
1788 1788 1788
1789 1789 1789
1790 1790 1790
1791 1791 1791
1792 1792 1792
1793 1793 1793
1794 1794 1794
1795 1795 1795
1796 1796 1796
1797 1797 1797
1798 1798 1798
1799 1799 1799
1800 1800 1800
1801 1801 1801
1802 1802 1802
1803 1803 1803
1804 1804 1804
1805 1805 1805
1806 1806 1806
1807 1807 1807
1808 1808 1808
1809 1809 1809
1810 1810 1810
1811 1811 1811
1812 1812 1812
1813 1813 1813
1814 1814 1814
1815 1815 1815
1816 1816 1816
1817 1817 1817
1818 1818 1818
1819 1819 1819
1820 1820 1820
1821 1821 1821
1822 1822 1822
1823 1823 1823
1824 1824 1824
1825 1825 1825
1826 1826 1826
1827 1827 1827
1828 1828 1828
1829 1829 1829
1830 1830 1830
1831 1831 1831
1832 1832 1832
1833 1833 1833
1834 1834 1834
1835 1835 1835
1836 1836 1836
1837 1837 1837
1838 1838 1838
1839 1839 1839
1840 1840 1840
1841 1841 1841
1842 1842 1842
1843 1843 1843
1844 1844 1844
1845 1845 1845
1846 1846 1846
1847 1847 1847
1848 1848 1848
1849 1849 1849
1850 1850 1850
1851 1851 1851
1852 1852 1852
1853 1853 1853
1854 1854 1854
1855 1855 1855
1856 1856 1856
1857 1857 1857
1858 1858 1858
1859 1859 1859
1860 1860 1860
1861 1861 1861
1862 1862 1862
1863 1863 1863
1864 1864 1864
1865 1865 1865
1866 1866 1866
1867 1867 1867
1868 1868 1868
1869 1869 1869
1870 1870 1870
1871 1871 1871
1872 1872 1872
1873 1873 1873
1874 1874 1874
1875 1875 1875
1876 1876 1876
1877 1877 1877
1878 1878 1878
1879 1879 1879
1880 1880 1880
1881 1881 1881
1882 1882 1882
1883 1883 1883
1884 1884 1884
1885 1885 1885
1886 1886 1886
1887 1887 1887
1888 1888 1888
1889 1889 1889
1890 1890 1890
1891 1891 1891
1892 1892 1892
1893 1893 1893
1894 1894 1894
1895 1895 1895
1896 1896 1896
1897 1897 1897
1898 1898 1898
1899 1899 1899
1900 1900 1900
1901 1901 1901
1902 1902 1902
1903 1903 1903
1904 1904 1904
1905 1905 1905
1906 1906 1906
1907 1907 1907
1908 1908 1908
1909 1909 1909
1910 1910 1910
1911 1911 1911
1912 1912 1912
1913 1913 1913
1914 1914 1914
1915 1915 1915
1916 1916 1916
1917 1917 1917
1918 1918 1918
1919 1919 1919
1920 1920 1920
1921 1921 1921
1922 1922 1922
1923 1923 1923
1924 1924 1924
1925 1925 1925
1926 1926 1926
1927 1927 1927
1928 1928 1928
1929 1929 1929
1930 1930 1930
1931 1931 1931
1932 1932 1932
1933 1933 1933
1934 1934 1934
1935 1935 1935
1936 1936 1936
1937 1937 1937
1938 1938 1938
1939 1939 1939
1940 1940 1940
1941 1941 1941
1942 1942 1942
1943 1943 1943
1944 1944 1944
1945 1945 1945
1946 1946 1946
1947 1947 1947
1948 1948 1948
1949 1949 1949
1950 1950 1950
1951 1951 1951
1952 1952 1952
1953 1953 1953
1954 1954 1954
1955 1955 1955
1956 1956 1956
1957 1957 1957
1958 1958 1958
1959 1959 1959
1960 1960 1960
1961 1961 1961
1962 1962 1962
1963 1963 1963
1964 1964 1964
1965 1965 1965
1966 1966 1966
1967 1967 1967
1968 1968 1968
1969 1969 1969
1970 1970 1970
1971 1971 1971
1972 1972 1972
1973 1973 1973
1974 1974 1974
1975 1975 1975
1976 1976 1976
1977 1977 1977
1978 1978 1978
1979 1979 1979
1980 1980 1980
1981 1981 1981
1982 1982 1982
1983 1983 1983
1984 1984 1984
1985 1985 1985
1986 1986 1986
1987 1987 1987
1988 1988 1988
1989 1989 1989
1990 1990 1990
1991 1991 1991
1992 1992 1992
1993 1993 1993
1994 1994 1994
1995 1995 1995
1996 1996 1996
1997 1997 1997
1998 1998 1998
1999 1999 1999
2000 2000 2000
2001 2001 2001
2002 2002 2002
2003 2003 2003
2004 2004 2004
2005 2005 2005
2006 2006 2006
2007 2007 2007
2008 2008 2008
2009 2009 2009
2010 2010 2010
2011 2011 2011
2012 2012 2012
2013 2013 2013
2014 2014 2014
2015 2015 2015
2016 2016 2016
2017 2017 2017
2018 2018 2018
2019 2019 2019
2020 2020 2020
2021 2021 2021
2022 2022 2022
2023 2023 2023
2024 2024 2024
2025 2025 2025
2026 2026 2026
2027 2027 2027
2028 2028 2028
2029 2029 2029
2030 2030 2030
2031 2031 2031
2032 2032 2032
2033 2033 2033
2034 2034 2034
2035 2035 2035
2036 2036 2036
2037 2037 2037
2038 2038 2038
2039 2039 2039
2040 2040 2040
2041 2041 2041
2042 2042 2042
2043 2043 2043
2044 2044 2044
2045 2045 2045
2046 2046 2046
2047 2047 2047
2048 2048 2048
2049 2049 2049
2050 2050 2050
2051 2051 2051
2052 2052 2052
2053 2053 2053
2054 2054 2054
2055 2055 2055
2056 2056 2056
2057 2057 2057
2058 2058 2058
2059 2059 2059
2060 2060 2060
2061 2061 2061
2062 2062 2062
2063 2063 2063
2064 2064 2064
2065 2065 2065
2066 2066 2066
2067 2067 2067
2068 2068 2068
2069 2069 2069
2070 2070 2070
2071 2071 2071
2072 2072 2072
2073 2073 2073
2074 2074 2074
2075 2075 2075
2076 2076 2076
2077 2077 2077
2078 2078 2078
2079 2079 2079
2080 2080 2080
2081 2081 2081
2082 2082 2082
2083 2083 2083
2084 2084 2084
2085 2085 2085
2086 2086 2086
2087 2087 2087
2088 2088 2088
2089 2089 2089
2090 2090 2090
2091 2091 2091
2092 2092 2092
2093 2093 2093
2094 2094 2094
2095 2095 2095
2096 2096 2096
2097 2097 2097
2098 2098 2098
2099 2099 2099
2100 2100 2100
2101 2101 2101
2102 2102 2102
2103 2103 2103
2104 2104 2104
2105 2105 2105
2106 2106 2106
2107 2107 2107
2108 2108 2108
2109 2109 2109
2110 2110 2110
2111 2111 2111
2112 2112 2112
2113 2113 2113
2114 2114 2114
2115 2115 2115
2116 2116 2116
2117 2117 2117
2118 2118 2118
2119 2119 2119
2120 2120 2120
2121 2121 2121
2122 2122 2122
2123 2123 2123
2124 2124 2124
2125 2125 2125
2126 2126 2126
2127 2127 2127
2128 2128 2128
2129 2129 2129
2130 2130 2130
2131 2131 2131
2132 2132 2132
2133 2133 2133
2134 2134 2134
2135 2135 2135
2136 2136 2136
2137 2137 2137
2138 2138 2138
2139 2139 2139
2140 2140 2140
2141 2141 2141
2142 2142 2142
2143 2143 2143
2144 2144 2144
2145 2145 2145
2146 2146 2146
2147 2147 2147
2148 2148 2148
2149 2149 2149
2150 2150 2150
2151 2151 2151
2152 2152 2152
2153 2153 2153
2154 2154 2154
2155 2155 2155
2156 2156 2156
2157 2157 2157
2158 2158 2158
2159 2159 2159
2160 2160 2160
2161 2161 2161
2162 2162 2162
2163 2163 2163
2164 2164 2164
2165 2165 2165
2166 2166 2166
2167 2167 2167
2168 2168 2168
2169 2169 2169
2170 2170 2170
2171 2171 2171
2172 2172 2172
2173 2173 2173
2174 2174 2174
2175 2175 2175
2176 2176 2176
2177 2177 2177
2178 2178 2178
2179 2179 2179
2180 2180 2180
2181 2181 2181
2182 2182 2182
2183 2183 2183
2184 2184 2184
2185 2185 2185
2186 2186 2186
2187 2187 2187
2188 2188 2188
2189 2189 2189
2190 2190 2190
2191 2191 2191
2192 2192 2192
2193 2193 2193
2194 2194 2194
2195 2195 2195
2196 2196 2196
2197 2197 2197
2198 2198 2198
2199 2199 2199
2200 2200 2200
2201 2201 2201
2202 2202 2202
2203 2203 2203
2204 2204 2204
2205 2205 2205
2206 2206 2206
2207 2207 2207
2208 2208 2208
2209 2209 2209
2210 2210 2210
2211 2211 2211
2212 2212 2212
2213 2213 2213
2214 2214 2214
2215 2215 2215
2216 2216 2216
2217 2217 2217
2218 2218 2218
2219 2219 2219
2220 2220 2220
2221 2221 2221
2222 2222 2222
2223 2223 2223
2224 2224 2224
2225 2225 2225
2226 2226 2226
2227 2227 2227
2228 2228 2228
2229 2229 2229
2230 2230 2230
2231 2231 2231
2232 2232 2232
2233 2233 2233
2234 2234 2234
2235 2235 2235
2236 2236 2236
2237 2237 2237
2238 2238 2238
2239 2239 2239
2240 2240 2240
2241 2241 2241
2242 2242 2242
2243 2243 2243
2244 2244 2244
2245 2245 2245
2246 2246 2246
2247 2247 2247
2248 2248 2248
2249 2249 2249
2250 2250 2250
2251 2251 2251
2252 2252 2252
2253 2253 2253
2254 2254 2254
2255 2255 2255
2256 2256 2256
2257 2257 2257
2258 2258 2258
2259 2259 2259
2260 2260 2260
2261 2261 2261
2262 2262 2262
2263 2263 2263
2264 2264 2264
2265 2265 2265
2266 2266 2266
2267 2267 2267
2268 2268 2268
2269 2269 2269
2270 2270 2270
2271 2271 2271
2272 2272 2272
2273 2273 2273
2274 2274 2274
2275 2275 2275
2276 2276 2276
2277 2277 2277
2278 2278 2278
2279 2279 2279
2280 2280 2280
2281 2281 2281
2282 2282 2282
2283 2283 2283
2284 2284 2284
2285 2285 2285
2286 2286 2286
2287 2287 2287
2288 2288 2288
2289 2289 2289
2290 2290 2290
2291 2291 2291
2292 2292 2292
2293 2293 2293
2294 2294 2294
2295 2295 2295
2296 2296 2296
2297 2297 2297
2298 2298 2298
2299 2299 2299
2300 2300 2300
2301 2301 2301
2302 2302 2302
2303 2303 2303
2304 2304 2304
2305 2305 2305
2306 2306 2306
2307 2307 2307
2308 2308 2308
2309 2309 2309
2310 2310 2310
2311 2311 2311
2312 2312 2312
2313 2313 2313
2314 2314 2314
2315 2315 2315
2316 2316 2316
2317 2317 2317
2318 2318 2318
2319 2319 2319
2320 2320 2320
2321 2321 2321
2322 2322 2322
2323 2323 2323
2324 2324 2324
2325 2325 2325
2326 2326 2326
2327 2327 2327
2328 2328 2328
2329 2329 2329
2330 2330 2330
2331 2331 2331
2332 2332 2332
2333 2333 2333
2334 2334 2334
2335 2335 2335
2336 2336 2336
2337 2337 2337
2338 2338 2338
2339 2339 2339
2340 2340 2340
2341 2341 2341
2342 2342 2342
2343 2343 2343
2344 2344 2344
2345 2345 2345
2346 2346 2346
2347 2347 2347
2348 2348 2348
2349 2349 2349
2350 2350 2350
2351 2351 2351
2352 2352 2352
2353 2353 2353
2354 2354 2354
2355 2355 2355
2356 2356 2356
2357 2357 2357
2358 2358 2358
2359 2359 2359
2360 2360 2360
2361 2361 2361
2362 2362 2362
2363 2363 2363
2364 2364 2364
2365 2365 2365
2366 2366 2366
2367 2367 2367
2368 2368 2368
2369 2369 2369
2370 2370 2370
2371 2371 2371
2372 2372 2372
2373 2373 2373
2374 2374 2374
2375 2375 2375
2376 2376 2376
2377 2377 2377
2378 2378 2378
2379 2379 2379
2380 2380 2380
2381 2381 2381
2382 2382 2382
2383 2383 2383
2384 2384 2384
2385 2385 2385
2386 2386 2386
2387 2387 2387
2388 2388 2388
2389 2389 2389
2390 2390 2390
2391 2391 2391
2392 2392 2392
2393 2393 2393
2394 2394 2394
2395 2395 2395
2396 2396 2396
2397 2397 2397
2398 2398 2398
2399 2399 2399
2400 2400 2400
2401 2401 2401
2402 2402 2402
2403 2403 2403
2404 2404 2404
2405 2405 2405
2406 2406 2406
2407 2407 2407
2408 2408 2408
2409 2409 2409
2410 2410 2410
2411 2411 2411
2412 2412 2412
2413 2413 2413
2414 2414 2414
2415 2415 2415
2416 2416 2416
2417 2417 2417
2418 2418 2418
2419 2419 2419
2420 2420 2420
2421 2421 2421
2422 2422 2422
2423 2423 2423
2424 2424 2424
2425 2425 2425
2426 2426 2426
2427 2427 2427
2428 2428 2428
2429 2429 2429
2430 2430 2430
2431 2431 2431
2432 2432 2432
2433 2433 2433
2434 2434 2434
2435 2435 2435
2436 2436 2436
2437 2437 2437
2438 2438 2438
2439 2439 2439
2440 2440 2440
2441 2441 2441
2442 2442 2442
2443 2443 2443
2444 2444 2444
2445 2445 2445
2446 2446 2446
2447 2447 2447
2448 2448 2448
2449 2449 2449
2450 2450 2450
2451 2451 2451
2452 2452 2452
2453 2453 2453
2454 2454 2454
2455 2455 2455
2456 2456 2456
2457 2457 2457
2458 2458 2458
2459 2459 2459
2460 2460 2460
2461 2461 2461
2462 2462 2462
2463 2463 2463
2464 2464 2464
2465 2465 2465
2466 2466 2466
2467 2467 2467
2468 2468 2468
2469 2469 2469
2470 2470 2470
2471 2471 2471
2472 2472 2472
2473 2473 2473
2474 2474 2474
2475 2475 2475
2476 2476 2476
2477 2477 2477
2478 2478 2478
2479 2479 2479
2480 2480 2480
2481 2481 2481
2482 2482 2482
2483 2483 2483
2484 2484 2484
2485 2485 2485
2486 2486 2486
2487 2487 2487
2488 2488 2488
2489 2489 2489
2490 2490 2490
2491 2491 2491
2492 2492 2492
2493 2493 2493
2494 2494 2494
2495 2495 2495
2496 2496 2496
2497 2497 2497
2498 2498 2498
2499 2499 2499
2500 2500 2500
2501 2501 2501
2502 2502 2502
2503 2503 2503
2504 2504 2504
2505 2505 2505
2506 2506 2506
2507 2507 2507
2508 2508 2508
2509 2509 2509
2510 2510 2510
2511 2511 2511
2512 2512 2512
2513 2513 2513
2514 2514 2514
2515 2515 2515
2516 2516 2516
2517 2517 2517
2518 2518 2518
2519 2519 2519
2520 2520 2520
2521 2521 2521
2522 2522 2522
2523 2523 2523
2524 2524 2524
2525 2525 2525
2526 2526 2526
2527 2527 2527
2528 2528 2528
2529 2529 2529
2530 2530 2530
2531 2531 2531
2532 2532 2532
2533 2533 2533
2534 2534 2534
2535 2535 2535
2536 2536 2536
2537 2537 2537
2538 2538 2538
2539 2539 2539
2540 2540 2540
2541 2541 2541
2542 2542 2542
2543 2543 2543
2544 2544 2544
2545 2545 2545
2546 2546 2546
2547 2547 2547
2548 2548 2548
2549 2549 2549
2550 2550 2550
2551 2551 2551
2552 2552 2552
2553 2553 2553
2554 2554 2554
2555 2555 2555
2556 2556 2556
2557 2557 2557
2558 2558 2558
2559 2559 2559
2560 2560 2560
2561 2561 2561
2562 2562 2562
2563 2563 2563
2564 2564 2564
2565 2565 2565
2566 2566 2566
2567 2567 2567
2568 2568 2568
2569 2569 2569
2570 2570 2570
2571 2571 2571
2572 2572 2572
2573 2573 2573
2574 2574 2574
2575 2575 2575
2576 2576 2576
2577 2577 2577
2578 2578 2578
2579 2579 2579
2580 2580 2580
2581 2581 2581
2582 2582 2582
2583 2583 2583
2584 2584 2584
2585 2585 2585
2586 2586 2586
2587 2587 2587
2588 2588 2588
2589 2589 2589
2590 2590 2590
2591 2591 2591
2592 2592 2592
2593 2593 2593
2594 2594 2594
2595 2595 2595
2596 2596 2596
2597 2597 2597
2598 2598 2598
2599 2599 2599
2600 2600 2600
2601 2601 2601
2602 2602 2602
2603 2603 2603
2604 2604 2604
2605 2605 2605
2606 2606 2606
2607 2607 2607
2608 2608 2608
2609 2609 2609
2610 2610 2610
2611 2611 2611
2612 2612 2612
2613 2613 2613
2614 2614 2614
2615 2615 2615
2616 2616 2616
2617 2617 2617
2618 2618 2618
2619 2619 2619
2620 2620 2620
2621 2621 2621
2622 2622 2622
2623 2623 2623
2624 2624 2624
2625 2625 2625
2626 2626 2626
2627 2627 2627
2628 2628 2628
2629 2629 2629
2630 2630 2630
2631 2631 2631
2632 2632 2632
2633 2633 2633
2634 2634 2634
2635 2635 2635
2636 2636 2636
2637 2637 2637
2638 2638 2638
2639 2639 2639
2640 2640 2640
2641 2641 2641
2642 2642 2642
2643 2643 2643
2644 2644 2644
2645 2645 2645
2646 2646 2646
2647 2647 2647
2648 2648 2648
2649 2649 2649
2650 2650 2650
2651 2651 2651
2652 2652 2652
2653 2653 2653
2654 2654 2654
2655 2655 2655
2656 2656 2656
2657 2657 2657
2658 2658 2658
2659 2659 2659
2660 2660 2660
2661 2661 2661
2662 2662 2662
2663 2663 2663
2664 2664 2664
2665 2665 2665
2666 2666 2666
2667 2667 2667
2668 2668 2668
2669 2669 2669
2670 2670 2670
2671 2671 2671
2672 2672 2672
2673 2673 2673
2674 2674 2674
2675 2675 2675
2676 2676 2676
2677 2677 2677
2678 2678 2678
2679 2679 2679
2680 2680 2680
2681 2681 2681
2682 2682 2682
2683 2683 2683
2684 2684 2684
2685 2685 2685
2686 2686 2686
2687 2687 2687
2688 2688 2688
2689 2689 2689
2690 2690 2690
2691 2691 2691
2692 2692 2692
2693 2693 2693
2694 2694 2694
2695 2695 2695
2696 2696 2696
2697 2697 2697
2698 2698 2698
2699 2699 2699
2700 2700 2700
2701 2701 2701
2702 2702 2702
2703 2703 2703
2704 2704 2704
2705 2705 2705
2706 2706 2706
2707 2707 2707
2708 2708 2708
2709 2709 2709
2710 2710 2710
2711 2711 2711
2712 2712 2712
2713 2713 2713
2714 2714 2714
2715 2715 2715
2716 2716 2716
2717 2717 2717
2718 2718 2718
2719 2719 2719
2720 2720 2720
2721 2721 2721
2722 2722 2722
2723 2723 2723
2724 2724 2724
2725 2725 2725
2726 2726 2726
2727 2727 2727
2728 2728 2728
2729 2729 2729
2730 2730 2730
2731 2731 2731
2732 2732 2732
2733 2733 2733
2734 2734 2734
2735 2735 2735
2736 2736 2736
2737 2737 2737
2738 2738 2738
2739 2739 2739
2740 2740 2740
2741 2741 2741
2742 2742 2742
2743 2743 2743
2744 2744 2744
2745 2745 2745
2746 2746 2746
2747 2747 2747
2748 2748 2748
2749 2749 2749
2750 2750 2750
2751 2751 2751
2752 2752 2752
2753 2753 2753
2754 2754 2754
2755 2755 2755
2756 2756 2756
2757 2757 2757
2758 2758 2758
2759 2759 2759
2760 2760 2760
2761 2761 2761
2762 2762 2762
2763 2763 2763
2764 2764 2764
2765 2765 2765
2766 2766 2766
2767 2767 2767
2768 2768 2768
2769 2769 2769
2770 2770 2770
2771 2771 2771
2772 2772 2772
2773 2773 2773
2774 2774 2774
2775 2775 2775
2776 2776 2776
2777 2777 2777
2778 2778 2778
2779 2779 2779
2780 2780 2780
2781 2781 2781
2782 2782 2782
2783 2783 2783
2784 2784 2784
2785 2785 2785
2786 2786 2786
2787 2787 2787
2788 2788 2788
2789 2789 2789
2790 2790 2790
2791 2791 2791
2792 2792 2792
2793 2793 2793
2794 2794 2794
2795 2795 2795
2796 2796 2796
2797 2797 2797
2798 2798 2798
2799 2799 2799
2800 2800 2800
2801 2801 2801
2802 2802 2802
2803 2803 2803
2804 2804 2804
2805 2805 2805
2806 2806 2806
2807 2807 2807
2808 2808 2808
2809 2809 2809
2810 2810 2810
2811 2811 2811
2812 2812 2812
2813 2813 2813
2814 2814 2814
2815 2815 2815
2816 2816 2816
2817 2817 2817
2818 2818 2818
2819 2819 2819
2820 2820 2820
2821 2821 2821
2822 2822 2822
2823 2823 2823
2824 2824 2824
2825 2825 2825
2826 2826 2826
2827 2827 2827
2828 2828 2828
2829 2829 2829
2830 2830 2830
2831 2831 2831
2832 2832 2832
2833 2833 2833
2834 2834 2834
2835 2835 2835
2836 2836 2836
2837 2837 2837
2838 2838 2838
2839 2839 2839
2840 2840 2840
2841 2841 2841
2842 2842 2842
2843 2843 2843
2844 2844 2844
2845 2845 2845
2846 2846 2846
2847 2847 2847
2848 2848 2848
2849 2849 2849
2850 2850 2850
2851 2851 2851
2852 2852 2852
2853 2853 2853
2854 2854 2854
2855 2855 2855
2856 2856 2856
2857 2857 2857
2858 2858 2858
2859 2859 2859
2860 2860 2860
2861 2861 2861
2862 2862 2862
2863 2863 2863
2864 2864 2864
2865 2865 2865
2866 2866 2866
2867 2867 2867
2868 2868 2868
2869 2869 2869
2870 2870 2870
2871 2871 2871
2872 2872 2872
2873 2873 2873
2874 2874 2874
2875 2875 2875
2876 2876 2876
2877 2877 2877
2878 2878 2878
2879 2879 2879
2880 2880 2880
2881 2881 2881
2882 2882 2882
2883 2883 2883
2884 2884 2884
2885 2885 2885
2886 2886 2886
2887 2887 2887
2888 2888 2888
2889 2889 2889
2890 2890 2890
2891 2891 2891
2892 2892 2892
2893 2893 2893
2894 2894 2894
2895 2895 2895
2896 2896 2896
2897 2897 2897
2898 2898 2898
2899 2899 2899
2900 2900 2900
2901 2901 2901
2902 2902 2902
2903 2903 2903
2904 2904 2904
2905 2905 2905
2906 2906 2906
2907 2907 2907
2908 2908 2908
2909 2909 2909
2910 2910 2910
2911 2911 2911
2912 2912 2912
2913 2913 2913
2914 2914 2914
2915 2915 2915
2916 2916 2916
2917 2917 2917
2918 2918 2918
2919 2919 2919
2920 2920 2920
2921 2921 2921
2922 2922 2922
2923 2923 2923
2924 2924 2924
2925 2925 2925
2926 2926 2926
2927 2927 2927
2928 2928 2928
2929 2929 2929
2930 2930 2930
2931 2931 2931
2932 2932 2932
2933 2933 2933
2934 2934 2934
2935 2935 2935
2936 2936 2936
2937 2937 2937
2938 2938 2938
2939 2939 2939
2940 2940 2940
2941 2941 2941
2942 2942 2942
2943 2943 2943
2944 2944 2944
2945 2945 2945
2946 2946 2946
2947 2947 2947
2948 2948 2948
2949 2949 2949
2950 2950 2950
2951 2951 2951
2952 2952 2952
2953 2953 2953
2954 2954 2954
2955 2955 2955
2956 2956 2956
2957 2957 2957
2958 2958 2958
2959 2959 2959
2960 2960 2960
2961 2961 2961
2962 2962 2962
2963 2963 2963
2964 2964 2964
2965 2965 2965
2966 2966 2966
2967 2967 2967
2968 2968 2968
2969 2969 2969
2970 2970 2970
2971 2971 2971
2972 2972 2972
2973 2973 2973
2974 2974 2974
2975 2975 2975
2976 2976 2976
2977 2977 2977
2978 2978 2978
2979 2979 2979
2980 2980 2980
2981 2981 2981
2982 2982 2982
2983 2983 2983
2984 2984 2984
2985 2985 2985
2986 2986 2986
2987 2987 2987
2988 2988 2988
2989 2989 2989
2990 2990 2990
2991 2991 2991
2992 2992 2992
2993 2993 2993
2994 2994 2994
2995 2995 2995
2996 2996 2996
2997 2997 2997
2998 2998 2998
2999 2999 2999
0-884
0-1252
0-802
1-2517
1-2310
2-2690
3-2580
4-2906
4-1406
5-1718
5-351
5-1668
5-976
5-1525
5-2578
5-2962
5-258
6-1341
6-1835
7-2210
8-1635
9-2409
10-335
10-2687
10-694
10-1653
10-754
11-1792
11-1995
11-1710
11-1615
11-1420
12-1808
12-594
13-482
14-998
15-1196
15-2882
16-11
16-2507
16-1880
16-2909
16-2675
16-509
16-1003
16-2682
16-1348
17-2605
17-1526
18-114
19-2464
20-2498
20-355
21-2617
21-2191
22-1730
23-2634
23-619
24-290
25-1948
26-419
27-2692
27-991
27-256
27-1568
27-645
28-2266
29-2434
29-1528
30-2076
30-1251
30-202
31-1095
31-315
32-176
32-440
33-782
34-835
35-2812
35-2211
35-1043
35-2891
35-2076
35-410
35-2528
35-1461
35-2027
35-275
35-2905
35-647
36-1395
37-1700
37-1632
37-1533
37-2689
37-1184
38-2694
38-39
39-2952
40-2441
40-2564
41-858
42-1912
43-48
43-1791
43-1097
44-626
45-659
46-2926
47-550
48-2328
48-2304
48-18
49-1668
50-2540
50-2965
51-78
51-1470
52-1873
52-222
53-861
54-2011
55-675
56-495
56-2085
56-614
56-2583
57-2800
58-1039
59-845
59-437
59-2571
59-2231
60-886
60-391
61-2407
61-125
61-1522
61-780
61-1180
62-2349
62-2478
63-2236
63-2881
63-487
64-405
65-2624
66-1992
67-1197
67-2719
67-1640
68-1762
69-2172
70-1267
71-208
71-747
71-1614
72-1811
73-1480
74-2105
75-1433
75-2557
76-1837
76-923
76-2845
77-2656
78-1862
78-1528
79-107
80-2491
81-2032
81-1793
81-247
81-2452
82-472
83-1267
84-2791
84-2777
85-2861
85-2345
85-1739
86-1582
86-2510
86-2917
87-1962
88-1829
89-1670
90-2568
91-1594
92-1829
93-2421
94-2996
94-1326
94-338
94-2604
95-458
96-115
96-1351
96-1103
97-133
98-1608
99-2935
99-324
99-2854
99-2431
100-1870
101-1826
101-1106
102-1140
103-1658
104-2854
104-245
104-1349
105-2483
105-1384
106-512
107-2910
108-1028
108-494
108-2226
108-63
108-1426
109-43
109-2355
110-2309
111-1377
112-1342
113-8
114-2385
115-2968
115-1106
116-324
116-977
117-1960
118-725
119-555
119-150
119-2790
119-2679
119-2030
120-1990
121-1458
122-1446
123-2216
124-1821
125-2579
125-291
126-928
126-453
127-2599
127-70
127-657
128-2793
128-450
129-297
129-2165
129-1674
129-769
130-1355
131-1324
131-2313
132-518
132-2262
132-508
132-3
132-1593
133-1362
133-2063
133-1995
133-827
133-647
134-1519
135-2419
136-2459
137-2779
138-2813
139-635
139-2086
139-749
139-2149
140-2986
141-1439
142-2359
142-1032
142-997
142-1797
142-2388
143-744
144-476
144-2656
145-2680
145-2518
146-822
146-2800
147-2782
147-1206
147-2018
148-2123
148-1805
148-452
148-2166
149-1455
149-2148
150-2201
150-2087
150-274
150-2979
151-1708
151-704
152-2198
153-2772
153-686
154-563
155-2525
156-2767
156-581
157-1539
158-1311
158-1969
159-501
159-601
160-671
160-1790
161-2643
161-1458
162-1474
163-1253
164-309
164-1750
164-1346
164-39
164-2394
165-1506
165-2034
166-1940
166-1711
166-620
167-790
167-1755
167-1165
168-2441
169-2984
169-374
169-1474
169-278
169-2312
169-515
169-1911
170-2873
171-2017
171-2722
171-2054
172-2247
172-1436
173-828
173-1267
173-593
173-2981
173-1701
173-461
174-2815
175-1848
176-2635
177-1794
177-2218
177-2694
178-2326
178-572
179-965
180-1051
181-1398
181-1362
182-790
182-1674
183-2646
184-1736
185-1278
186-1680
187-2524
187-469
187-1992
187-1917
188-2957
188-2797
188-2394
189-1732
189-2088
190-1697
191-1260
192-1493
193-988
194-2190
195-1924
196-94
196-2765
196-1352
196-1025
196-1233
196-2279
196-2825
197-1959
197-1201
198-319
199-2762
200-380
201-2920
201-1481
202-2614
203-1221
204-2316
205-1659
206-1895
207-16
207-1134
208-28
208-610
209-1668
209-194
209-2894
209-1400
210-639
211-475
212-1007
213-920
213-2529
214-1536
215-2370
215-2005
216-1070
216-525
216-2776
216-2020
216-14
217-578
218-1326
219-847
220-2303
221-1485
221-1878
221-1477
222-588
222-2321
222-414
223-1608
223-2731
224-2251
225-693
226-1331
226-560
226-1578
227-2005
227-627
228-710
228-1843
228-2973
228-1634
229-2702
230-275
230-151
231-2428
232-281
233-1816
234-1634
234-1186
234-2475
234-1941
235-1193
236-1032
237-653
237-286
237-1687
237-1085
238-819
238-1811
238-1458
238-176
239-2070
239-1826
240-1233
241-394
241-1479
242-2128
243-1450
243-1249
243-219
244-1469
244-800
245-1863
245-74
245-2883
245-865
246-1978
247-1819
248-2508
248-1090
249-1851
249-2994
250-970
250-2347
250-1832
250-1422
251-2119
252-813
252-1802
252-1706
252-1944
253-349
253-210
253-2312
253-2669
254-995
254-250
254-2336
255-948
255-1559
256-1531
256-1606
256-1368
256-414
257-2147
257-372
258-61
259-584
259-610
259-1623
260-2614
261-1867
261-385
261-2277
262-1002
263-1867
264-1939
264-2294
264-740
264-116
265-2108
266-1060
267-2148
267-2251
268-1167
269-1520
269-1322
270-2585
271-1862
272-48
272-1729
272-2334
272-686
273-1224
273-2421
274-2233
274-796
274-2757
274-2753
274-1132
275-1374
276-2471
277-1903
277-88
278-2915
279-2874
280-183
281-1714
282-435
282-2556
282-2769
283-2879
283-2706
283-2679
283-1980
284-2376
284-900
284-2658
284-103
285-20
285-2927
285-827
285-944
285-376
286-2823
286-853
287-2373
288-328
288-1039
289-1259
290-2961
291-2288
292-2586
292-2991
292-1499
292-939
292-1236
293-2750
293-1966
294-2366
294-1830
294-1745
295-591
295-1703
296-1666
297-2235
298-1320
299-444
300-1702
301-2203
302-2922
303-2822
303-1358
304-1008
305-765
306-1359
306-2808
306-2297
307-2428
307-1278
307-636
308-2008
309-2847
310-1706
311-23
312-1447
313-2717
314-202
315-2448
316-238
316-1989
316-2410
317-1251
318-1766
319-1220
319-1476
320-792
321-2805
321-378
322-1983
322-2104
323-1059
324-56
324-53
324-2099
325-1449
326-2374
326-1961
326-2128
326-819
326-31
326-841
327-1202
327-2992
327-725
328-196
328-1510
329-238
330-1271
331-866
332-813
333-2360
333-314
333-392
334-2320
334-69
335-1804
336-2571
337-56
338-2947
338-2471
339-2322
340-2858
341-2617
342-580
342-2658
343-1459
343-2434
343-1198
343-2732
344-2265
344-624
344-804
344-803
345-534
345-2416
346-1953
347-1146
348-944
349-1348
349-2776
350-1572
350-2506
351-2950
352-2749
352-193
352-1029
352-441
352-2560
353-187
353-1399
354-1006
355-1008
355-2750
355-2099
356-1683
357-1880
357-2383
357-82
357-2172
358-1698
359-2931
359-234
360-1223
360-1650
360-1158
361-828
362-2640
362-2792
363-514
364-1826
365-1546
365-2417
365-1953
365-14
365-818
365-2024
366-2172
367-2499
368-593
368-852
368-950
368-2303
368-1896
368-805
368-741
368-820
368-139
368-1616
368-2110
369-2315
370-1266
371-657
371-1795
371-984
372-709
373-284
374-1110
374-2075
375-467
375-1392
375-2111
375-1399
375-2714
375-764
376-1643
377-2027
378-2089
379-799
379-602
379-999
380-1367
381-2478
382-2117
382-1744
382-902
383-1239
383-2880
384-2682
385-1768
385-2897
385-2115
386-1575
386-2807
386-1654
386-2727
386-1256
387-294
387-836
388-2276
389-120
389-1280
390-2960
390-1883
390-1021
391-1717
392-2744
393-1418
393-143
393-123
394-56
395-2588
396-1578
396-1890
396-6
397-2056
397-2222
397-1662
398-1617
399-2246
400-2085
401-1832
401-337
402-2387
402-1569
402-24
402-1917
402-1419
403-1482
403-1273
403-2525
404-2799
404-2581
404-1724
405-1187
405-1120
405-306
405-1930
406-2600
406-2791
406-2063
407-2245
408-1114
408-2885
409-2450
409-1901
409-1722
409-2526
409-2768
410-452
410-2499
410-188
411-358
412-658
412-1353
413-1648
413-2374
413-2686
414-1843
415-2166
415-1673
415-123
416-860
416-1966
417-1626
417-714
418-813
418-2357
419-200
420-2017
421-2670
421-183
421-104
422-949
422-665
423-1461
423-2137
424-392
424-1347
425-413
425-935
425-1362
426-1544
426-2307
426-351
426-2766
426-1470
426-2107
427-2450
427-1842
428-1373
428-21
429-732
430-1126
430-1300
431-965
431-455
432-1978
433-1145
434-271
435-552
435-1567
436-1586
436-687
436-93
437-983
437-2322
437-2519
437-967
437-1960
438-2463
438-933
438-555
438-793
438-2933
438-2816
438-2450
438-1065
438-1490
439-239
440-43
441-951
441-935
441-1427
441-1584
441-661
442-604
442-304
442-1871
443-2259
444-2193
445-923
446-302
447-31
448-2579
449-2617
450-2877
450-51
450-2150
450-92
450-319
451-1375
451-2949
452-689
452-2519
453-176
453-1039
453-1993
453-1041
453-1189
454-1833
455-255
456-1699
457-222
457-2526
457-1758
458-461
459-1035
459-2087
459-476
460-594
460-2287
461-1104
461-1614
461-1615
461-811
462-2013
463-1822
463-2430
463-6
464-232
464-2332
465-1800
465-354
466-1972
467-893
468-2641
469-1236
470-374
470-2651
470-384
470-72
470-462
470-405
470-1025
470-836
470-1085
471-963
472-314
473-873
473-1868
473-337
474-932
475-967
475-2324
476-1212
476-1867
476-357
476-2724
476-2478
477-253
478-331
478-159
479-559
479-458
479-604
479-403
479-1792
480-54
481-547
482-2681
483-1651
484-1575
484-2386
485-1421
486-214
487-1964
488-1570
488-1547
489-1520
489-857
489-1126
490-2991
490-2151
490-487
490-767
491-7
491-2943
492-1703
492-2980
492-559
492-2436
492-1988
493-1714
493-892
494-1794
494-412
494-2190
494-871
494-2572
495-1219
495-2570
495-136
495-1781
496-528
496-1812
496-2591
497-604
498-2428
498-438
498-2947
498-131
498-2208
499-2656
499-760
499-225
499-2292
500-1963
501-651
502-2853
503-562
503-1281
504-2065
504-1460
505-1287
505-926
506-59
507-957
508-2810
509-466
509-2354
509-374
510-80
510-2920
511-1127
512-1720
513-830
514-437
515-2880
515-2646
516-421
517-2053
517-2712
518-835
519-1047
519-1881
519-906
519-2670
520-978
520-1199
520-692
521-1287
521-1367
521-2580
522-2701
522-858
523-2847
523-1370
524-2145
524-2194
524-2082
525-1263
526-1466
526-518
527-1397
528-1943
528-2896
528-1660
529-445
530-266
531-1191
532-2728
532-2875
533-2764
534-745
535-572
535-2642
535-1670
536-1185
537-2843
538-631
539-2136
540-2186
541-2636
542-2736
542-800
542-39
543-1993
544-1303
545-1528
546-272
547-2190
548-2347
549-2730
550-2159
550-2240
551-2015
552-2356
553-627
554-2316
554-1103
554-1358
554-1141
554-1298
554-1685
554-2590
555-236
555-1870
556-2026
556-879
556-2296
557-1082
557-1479
558-180
558-951
559-612
559-643
559-627
559-2659
559-747
560-987
560-2491
560-819
560-1806
560-2681
561-226
562-1114
562-352
563-992
563-2385
564-2887
564-2970
565-112
565-1227
565-637
566-803
567-626
568-2029
569-74
569-1580
570-431
571-1163
571-2538
571-1829
572-2356
572-2939
573-1232
573-892
573-2023
574-1215
575-511
575-1313
575-1102
575-2047
575-2852
575-2500
576-2254
576-1939
577-636
577-1116
578-2228
579-1989
580-1541
581-403
582-2047
583-2607
584-2752
585-1244
585-1058
585-2592
585-2375
585-39
586-207
587-2097
587-236
588-111
588-2054
588-276
589-1848
590-1157
590-521
590-996
590-2048
590-651
591-1151
592-2722
593-438
593-1892
593-25
594-345
594-1209
594-1532
595-178
596-2939
596-1196
596-359
596-2164
597-876
597-643
597-366
597-2943
598-1843
598-1582
598-789
599-2068
599-2824
599-1863
599-408
600-805
600-297
600-1471
601-1155
601-57
602-633
602-958
603-361
604-2178
605-2114
606-1356
607-1192
608-1822
609-1006
610-2324
610-1837
610-2436
611-837
611-2840
612-1321
613-2640
613-1288
614-1677
615-980
615-944
616-2485
617-406
618-755
619-2965
620-441
621-2370
621-2835
621-244
622-1988
623-2202
624-1588
625-1397
626-2132
627-2136
627-1034
627-1940
628-2865
628-142
629-1401
629-1004
630-705
631-2650
632-299
632-2606
633-30
633-2730
633-1700
633-758
633-834
634-1815
634-1387
634-1604
635-488
636-2943
637-2144
638-1255
639-1887
640-2384
640-2550
640-2729
641-2067
641-2162
642-2671
642-1015
642-2315
642-2615
642-1864
642-913
642-689
642-53
643-2925
644-268
645-1481
646-2235
646-2083
646-2311
647-2297
648-378
649-1543
650-829
650-349
651-2923
651-109
652-2811
653-1523
654-2964
655-1364
656-1214
656-2248
656-2110
656-1678
657-2270
657-1004
657-1518
658-1689
658-1089
658-1450
659-511
660-2667
661-1996
662-2574
663-687
664-1315
665-2000
665-16
665-2425
666-2941
666-2545
666-2981
667-758
667-2994
667-2020
667-2636
668-29
669-2952
669-1202
669-2268
670-2306
671-2302
672-2804
672-2560
673-140
674-1444
674-1942
675-461
676-940
676-1190
676-833
676-1076
677-1783
677-385
677-1041
678-899
679-1474
680-1721
680-236
681-750
682-2763
683-2799
684-769
685-723
685-2716
686-1716
686-2508
687-540
688-2442
689-2099
690-506
691-2873
692-1386
692-1080
692-1939
693-491
694-1111
695-784
696-1846
697-418
698-885
699-507
700-146
701-2369
702-2
703-647
703-1379
704-1608
705-1602
706-380
707-2461
708-760
709-1828
709-1768
709-2294
710-2465
710-2176
711-770
712-1762
712-1193
713-705
713-2571
713-2082
713-137
714-223
715-1818
716-2892
717-21
718-423
719-2401
719-1073
720-980
720-2798
720-534
720-1731
720-1885
721-2772
721-1005
721-1387
722-2603
722-78
722-1123
723-305
723-608
723-862
723-1076
724-1337
725-47
726-1275
727-856
728-1648
728-1106
729-1564
729-1764
729-379
729-2147
729-144
730-1008
731-1345
732-1595
733-1852
733-2717
734-1497
734-720
734-1872
735-1315
736-1896
736-2905
736-1750
736-2582
737-1977
737-1034
737-40
737-1202
738-2857
739-213
740-370
740-249
741-2956
742-2247
743-311
744-2796
745-408
746-2987
746-1121
746-1744
747-1635
748-2420
749-1687
750-2559
750-1655
751-2304
752-2572
752-2908
753-504
753-933
754-2362
754-2585
754-2376
754-1875
755-121
755-2379
755-2010
755-2210
755-208
755-926
756-2143
757-827
758-821
758-735
759-288
760-2569
761-2235
762-2383
762-557
763-1925
763-651
763-2406
763-206
763-153
764-2050
765-1631
765-229
766-803
766-443
767-2534
768-1890
769-1423
769-2736
769-1104
770-317
770-2944
770-2289
770-1324
770-1973
770-965
771-558
771-2788
771-2085
771-258
771-1702
772-1215
773-2428
773-940
774-324
775-377
776-1049
777-435
777-2011
777-152
777-321
778-465
779-2497
779-1472
780-2223
780-1937
780-122
780-2673
780-1716
780-530
780-340
780-2035
780-513
781-2567
782-1919
783-2950
783-856
784-1303
785-1584
785-2959
786-2380
786-1403
786-378
786-1963
786-1598
786-788
787-2872
788-2727
789-2756
789-2595
790-1187
790-676
791-607
792-1535
793-1326
793-1638
794-1614
794-2206
794-717
795-1439
795-756
796-181
796-694
797-826
797-426
797-195
797-2357
797-1621
798-185
798-1157
799-1124
800-1579
801-2232
802-552
802-1427
802-269
803-2235
803-1989
803-889
803-2011
804-1388
805-2252
806-1644
806-2412
807-362
808-967
808-895
808-2609
808-1461
809-1007
809-2647
810-1935
811-620
811-1436
811-1302
812-1158
812-1530
813-1991
813-488
814-2858
815-1668
816-492
817-876
818-103
819-199
820-1253
821-964
821-2179
822-939
823-2531
823-1819
824-1721
824-233
824-602
825-1605
825-2235
826-2368
826-965
827-975
827-2632
827-1753
827-1778
828-1592
828-2555
829-1130
829-2590
830-2069
830-2765
830-2752
831-1752
832-1464
833-1055
834-2643
835-1073
836-2087
837-2409
838-496
839-2274
840-1248
841-2799
842-2438
842-2187
843-783
844-1155
844-1787
845-95
846-2598
846-2509
846-58
847-821
847-484
847-1792
848-2545
848-258
848-1113
849-2767
850-463
850-454
850-224
851-336
852-2628
853-2792
854-2459
855-2291
856-720
856-2967
857-2447
857-2576
857-899
857-245
858-367
859-1126
860-2054
860-1244
860-106
861-2041
861-164
861-2576
861-1458
861-528
862-1462
862-1446
862-869
863-509
863-1177
863-813
863-729
864-1302
864-630
864-1085
864-1828
864-1303
864-1361
865-1212
865-824
865-1628
866-2909
867-2524
867-2310
867-1718
868-270
868-2194
869-1393
869-193
869-2265
870-1253
871-2115
871-1128
872-1069
872-93
872-2289
873-1157
874-75
875-531
875-490
876-1129
877-1726
878-763
879-1847
880-1887
881-1197
882-1825
882-2789
882-2021
882-1786
883-1783
883-2429
884-2852
885-2488
886-579
886-1589
886-2169
886-218
887-358
887-2504
888-1273
888-1400
889-891
890-46
890-1505
890-198
891-2004
892-336
893-790
893-809
893-208
893-74
894-1274
895-256
895-2085
896-2394
897-1314
898-2169
898-852
899-1164
899-2992
900-1998
900-2641
901-1015
902-2536
902-2736
902-2446
903-2604
903-572
904-2152
905-2603
905-2599
906-2611
906-117
907-2443
908-2066
908-2701
908-1379
909-1965
909-1049
909-917
910-2746
910-2760
911-1733
912-2061
913-2546
913-1717
914-1342
915-2279
915-1809
916-1279
917-2067
917-1478
917-1485
917-221
918-2851
918-2204
918-2517
918-2886
918-954
919-2058
919-2208
919-474
920-2951
920-584
920-1602
920-204
920-817
921-1796
921-2524
922-895
923-2980
924-284
924-71
924-1813
925-1524
925-2004
925-2723
926-161
927-2893
927-783
927-2565
928-1596
929-1602
930-1665
931-55
932-2997
933-2695
934-2031
935-383
935-1731
936-770
937-2099
937-1335
937-1739
938-3
938-2790
939-2217
939-42
939-1840
940-91
941-1993
942-1372
943-1245
943-1835
943-303
944-191
944-1466
944-2211
945-1273
946-2519
946-2639
946-347
947-190
948-673
948-882
949-971
949-2852
949-59
950-599
951-2196
951-1326
951-190
952-590
953-635
954-2764
955-1653
956-843
956-854
956-2604
956-889
957-1371
957-443
957-2977
957-754
957-121
958-1115
959-2362
959-464
959-2900
959-233
960-2065
960-1293
960-1847
960-1362
960-669
960-736
961-2408
961-1522
962-1646
962-641
963-2079
964-1317
964-2208
965-2314
966-1002
966-2290
967-2843
967-197
967-1490
967-1160
967-1625
967-445
967-904
967-1356
968-271
969-2632
970-2874
971-2783
971-831
972-2586
972-8
972-2120
972-1508
972-1599
973-2725
973-1761
973-1984
973-2376
974-2737
975-2600
976-2784
976-1749
976-1632
977-991
977-1270
977-609
978-1882
979-1237
980-634
981-2279
981-2962
982-904
982-2169
982-1737
983-924
984-671
985-750
985-184
986-1893
987-2797
987-2306
987-1261
987-2342
987-2262
988-262
989-857
990-1017
990-1741
990-1428
990-2030
990-1363
991-1069
992-1162
992-281
992-1826
993-1625
994-1743
995-643
995-597
996-2995
997-55
998-2823
998-1939
999-2619
1000-2118
1000-2672
1001-2780
1001-1615
1002-1736
1003-2840
1003-2094
1003-1223
1003-1941
1003-66
1003-2574
1003-584
1004-1316
1004-1227
1005-2785
1005-2660
1006-257
1007-306
1007-1576
1007-206
1007-221
1008-1928
1008-1504
1009-1920
1009-2849
1009-2501
1010-1375
1011-1030
1012-1272
1012-1404
1012-666
1013-2898
1014-1931
1014-1781
1014-1721
1015-2193
1015-2240
1016-695
1017-2453
1017-2596
1017-1593
1018-11
1018-2069
1019-681
1019-2998
1019-1544
1019-2136
1019-613
1019-2955
1019-1532
1019-881
1019-2717
1019-359
1019-668
1020-922
1020-951
1020-1846
1020-1045
1021-190
1022-1660
1022-926
1022-1707
1022-1878
1023-2387
1024-2684
1024-40
1025-658
1025-1062
1025-1723
1025-1885
1025-824
1026-682
1026-2604
1027-210
1027-1660
1027-604
1027-2418
1028-2489
1028-1570
1029-2052
1030-1609
1030-187
1031-2537
1031-2374
1032-236
1032-287
1032-2904
1033-1937
1033-1566
1034-1878
1034-2125
1035-1528
1035-1266
1035-1447
1036-522
1037-2356
1038-620
1039-2225
1040-2756
1041-1824
1041-2250
1042-205
1042-881
1043-2651
1044-1018
1044-2932
1044-2944
1044-1348
1044-2499
1045-1017
1046-2261
1046-1000
1047-1615
1047-1118
1047-891
1048-1047
1048-1925
1048-2464
1048-1989
1048-2847
1049-655
1050-699
1050-495
1050-1925
1051-2238
1052-1694
1052-2374
1052-1066
1053-364
1053-1186
1054-1720
1055-555
1056-1343
1056-1685
1057-2782
1058-262
1058-1533
1058-2613
1058-2974
1058-490
1058-2881
1059-1988
1059-1092
1060-848
1060-902
1060-695
1061-879
1062-1845
1063-791
1063-1030
1063-544
1063-2176
1064-2892
1065-536
1065-1399
1065-2825
1065-1294
1066-1401
1067-850
1067-1179
1068-303
1068-2378
1069-2089
1070-2053
1070-2572
1071-2995
1071-922
1071-595
1071-1630
1071-560
1071-108
1071-734
1072-2183
1073-1120
1074-69
1074-103
1074-52
1074-453
1074-2803
1074-1113
1074-2678
1075-1584
1075-1742
1076-1517
1077-1739
1078-341
1078-541
1079-1864
1079-472
1080-585
1081-1229
1082-22
1082-179
1082-2191
1082-1352
1083-1807
1083-157
1083-2053
1084-2906
1084-2810
1085-420
1085-266
1086-2732
1087-2117
1087-1652
1088-935
1088-596
1088-30
1088-2261
1089-440
1090-1475
1090-2883
1090-992
1090-696
1091-1619
1092-2980
1093-2593
1093-1603
1093-957
1093-2824
1093-864
1094-853
1095-1765
1096-308
1096-1034
1096-2759
1096-1881
1096-916
1097-1307
1098-134
1099-1850
1100-363
1100-1981
1100-1533
1101-2093
1101-782
1101-227
1102-2774
1103-756
1103-2739
1104-2426
1105-2341
1105-1929
1106-2646
1107-1788
1107-2094
1108-2475
1108-907
1109-651
1109-2227
1110-1989
1110-358
1111-137
1111-1282
1112-502
1113-2554
1114-1736
1114-2049
1115-485
1116-2974
1116-2830
1116-1628
1117-2742
1118-1963
1119-1537
1120-327
1120-553
1120-1101
1120-2009
1120-2700
1121-2236
1122-2781
1122-1654
1123-1119
1124-509
1125-1770
1125-2229
1126-2620
1127-26
1127-2181
1128-2959
1128-2418
1128-526
1129-1843
1130-2445
1131-261
1131-2630
1132-1112
1133-1272
1134-1098
1134-2148
1134-1752
1134-517
1135-219
1136-1217
1137-2471
1137-1253
1138-2330
1139-398
1140-402
1141-746
1141-2262
1142-1591
1143-609
1144-1040
1144-2172
1144-1545
1145-2242
1145-695
1145-1325
1145-61
1146-1112
1146-713
1147-2775
1148-2984
1149-2471
1149-2678
1149-2250
1150-2659
1150-1767
1150-61
1151-817
1152-1492
1153-921
1153-2326
1154-528
1155-1826
1156-2416
1156-2958
1157-2419
1157-1152
1158-477
1159-421
1159-2989
1160-75
1161-2236
1162-609
1163-2621
1164-1469
1165-2454
1165-2914
1165-1745
1166-973
1167-1694
1167-472
1167-1903
1168-1543
1169-2507
1169-2645
1169-1589
1170-2260
1171-1884
1172-145
1173-83
1173-1033
1173-2671
1174-2987
1174-1774
1175-348
1176-1368
1176-2955
1177-1362
1177-2310
1178-32
1178-1323
1178-1683
1179-2611
1179-1476
1180-1697
1181-2620
1182-1622
1182-2429
1182-2219
1182-842
1182-2406
1182-2931
1182-2838
1183-2350
1184-1031
1184-1267
1184-524
1184-2847
1185-215
1186-1772
1187-2732
1187-379
1187-2937
1188-869
1189-1269
1189-481
1190-2209
1190-2869
1190-2506
1190-540
1190-210
1190-1173
1191-2368
1191-1540
1192-1154
1193-1880
1194-1850
1194-1686
1194-2087
1195-2773
1196-759
1196-662
1196-1838
1196-1601
1197-980
1197-2859
1198-58
1199-1448
1200-2593
1200-2230
1201-2113
1202-2566
1202-361
1203-1306
1204-2309
1204-1491
1205-89
1205-129
1205-2784
1206-159
1207-1226
1207-105
1208-2552
1209-453
1210-1611
1210-1048
1211-46
1212-1086
1212-1686
1212-2885
1213-1565
1214-1957
1214-2789
1214-2338
1215-665
1215-670
1216-2923
1217-1323
1217-2325
1217-32
1218-436
1218-541
1218-437
1218-651
1219-375
1219-787
1220-1159
1221-474
1222-864
1223-37
1223-997
1223-165
1223-248
1224-2986
1224-313
1225-46
1226-2999
1227-598
1227-2290
1228-1771
1228-2557
1228-1307
1228-263
1228-1048
1229-191
1229-1562
1230-518
1230-996
1231-809
1232-2016
1232-706
1233-2114
1233-270
1234-2008
1235-2547
1235-2743
1235-1062
1235-2280
1235-916
1235-34
1235-1069
1235-1667
1235-713
1236-2106
1237-1132
1238-171
1238-1647
1238-2634
1239-434
1240-785
1240-1602
1241-2352
1241-1702
1241-456
1241-2335
1242-1088
1242-5
1243-2641
1243-295
1244-691
1244-2648
1244-775
1244-1715
1245-1102
1246-1150
1246-669
1247-2994
1247-221
1248-2141
1248-1548
1249-2165
1250-1723
1251-784
1251-2353
1252-743
1252-585
1253-349
1254-2872
1255-2586
1255-1583
1256-713
1256-1468
1257-1741
1257-1423
1258-2741
1259-2070
1259-2747
1259-1497
1259-2378
1259-1248
1260-1026
1260-709
1261-2684
1262-2211
1263-825
1263-2703
1264-2433
1265-2947
1266-105
1266-2301
1267-1314
1268-809
1269-974
1270-2489
1270-1907
1271-497
1271-2521
1272-1029
1273-672
1273-2662
1274-400
1275-331
1275-133
1276-2240
1277-1896
1278-568
1279-864
1279-1153
1279-289
1280-2377
1280-2546
1281-2629
1281-2335
1281-1122
1282-1780
1283-1858
1283-2538
1283-19
1284-1125
1285-2271
1286-2956
1286-622
1287-1166
1288-1443
1288-573
1289-2382
1290-2738
1291-1339
1292-599
1292-2151
1293-2281
1293-1471
1294-1180
1294-1090
1294-795
1295-1687
1296-1845
1296-1731
1296-1142
1297-1895
1298-1698
1299-150
1300-1214
1301-1376
1302-2936
1303-2777
1304-1429
1304-2775
1304-608
1305-1365
1306-511
1307-1017
1307-2546
1307-1028
1307-555
1308-2271
1309-1045
1310-2463
1310-2703
1311-1273
1312-1509
1312-1797
1313-297
1314-2450
1314-2976
1314-2157
1314-867
1315-1582
1316-2783
1317-2864
1317-1271
1318-633
1318-335
1319-1585
1320-356
1321-995
1322-779
1323-1442
1324-2836
1325-2561
1325-722
1326-2783
1326-2058
1327-1847
1328-2573
1329-1818
1329-1872
1330-185
1331-2345
1332-29
1333-45
1333-296
1334-850
1334-1276
1335-938
1335-805
1336-752
1337-2085
1337-409
1338-1311
1339-1135
1340-1898
1341-2753
1342-1691
1343-2009
1343-1209
1343-1965
1343-1855
1343-12
1344-2842
1345-2931
1346-881
1347-1255
1347-2282
1347-427
1348-2701
1349-964
1349-2125
1349-2439
1350-1946
1350-2215
1351-1891
1351-2937
1351-1120
1352-160
1352-1982
1353-0
1354-1790
1354-2283
1355-1560
1355-1074
1355-1095
1356-885
1357-121
1357-2870
1357-1363
1358-2549
1358-2394
1358-2495
1358-275
1359-1684
1360-1740
1360-1368
1361-170
1362-238
1363-2523
1363-2129
1363-340
1364-1945
1364-2043
1364-342
1364-2096
1365-2648
1366-528
1367-2802
1367-1930
1367-854
1367-801
1368-2131
1369-2486
1370-1202
1370-1109
1370-511
1370-2740
1370-2634
1371-654
1371-2416
1371-2198
1372-2450
1372-2009
1373-2808
1374-2885
1374-1709
1374-2343
1374-165
1375-1730
1376-341
1377-1859
1377-2096
1377-1584
1377-377
1377-2003
1378-2834
1379-408
1380-615
1381-1560
1381-1294
1382-723
1382-1010
1382-2755
1382-2208
1382-558
1383-631
1383-1197
1383-2616
1383-1033
1383-2351
1383-2016
1384-1131
1385-2714
1386-3
1387-1759
1387-925
1388-2979
1388-424
1389-1200
1389-649
1389-1372
1389-1042
1390-939
1390-2200
1390-1723
1390-997
1391-421
1391-192
1392-1643
1393-1900
1393-1872
1393-53
1394-1155
1394-2039
1394-426
1394-616
1394-459
1394-817
1395-1920
1396-434
1396-790
1396-928
1397-2246
1397-599
1397-770
1398-1792
1398-1090
1398-66
1398-2875
1399-1019
1399-2166
1400-2889
1400-1071
1400-1565
1401-562
1402-562
1402-2326
1403-1864
1403-367
1404-2494
1404-2500
1405-2505
1405-358
1405-516
1406-1658
1407-1876
1408-2469
1409-289
1410-241
1410-1947
1410-72
1411-1949
1411-1279
1412-2291
1413-2260
1414-149
1414-2258
1414-2907
1415-942
1416-2165
1417-2283
1418-2095
1419-92
1419-334
1420-1409
1421-2733
1422-1
1423-2427
1424-2226
1425-1992
1426-315
1426-35
1427-2378
1428-1474
1429-465
1429-1367
1430-1395
1431-1729
1431-334
1432-1736
1432-1479
1432-2595
1432-1895
1433-78
1433-2489
1434-2738
1434-1115
1435-1194
1436-2338
1437-1793
1438-1376
1439-2908
1440-666
1441-2092
1442-2454
1442-1255
1443-2852
1443-2722
1443-539
1444-2182
1445-921
1445-1459
1446-2959
1447-664
1447-1659
1447-2629
1448-511
1448-1847
1449-1017
1450-1433
1451-619
1451-2163
1451-336
1451-1883
1451-1948
1452-2342
1453-1727
1453-621
1454-1995
1455-778
1456-448
1456-2267
1456-1564
1457-2980
1457-1044
1458-2535
1459-1909
1459-935
1459-741
1460-2816
1460-2958
1460-975
1460-2828
1460-2918
1460-2348
1460-1792
1460-1764
1461-1000
1461-2764
1462-2916
1463-2310
1464-1199
1465-2125
1466-1079
1466-1328
1467-1881
1468-516
1469-1111
1469-707
1470-1263
1471-2091
1471-1608
1472-1266
1473-365
1473-837
1474-2622
1475-984
1475-2759
1475-290
1476-1420
1477-83
1478-224
1479-1128
1480-1620
1480-1446
1480-694
1481-1365
1481-1307
1481-2011
1481-2030
1482-1020
1483-1544
1484-154
1484-2533
1485-1931
1486-801
1487-924
1487-1679
1488-1375
1489-2721
1490-2326
1491-1062
1491-1737
1492-2159
1492-2120
1492-232
1493-557
1494-888
1495-886
1496-1181
1497-1648
1497-72
1497-1826
1497-1541
1498-2228
1499-1783
1499-1973
1500-2056
1500-594
1500-1454
1500-2891
1500-1985
1501-2672
1502-2297
1503-860
1504-2
1504-231
1505-2274
1505-2735
1506-475
1507-1175
1507-2996
1507-378
1508-1847
1508-2271
1508-343
1509-2688
1509-2747
1510-1417
1510-693
1511-1004
1512-856
1512-1164
1513-2273
1514-832
1514-1840
1515-220
1515-2859
1516-2415
1516-741
1516-1880
1516-1079
1516-241
1516-2098
1516-2031
1517-1754
1518-2363
1518-2729
1518-124
1518-718
1518-2948
1519-10
1519-411
1519-2380
1520-598
1521-98
1521-1706
1522-2018
1522-523
1523-1981
1523-1154
1523-327
1524-1804
1525-659
1525-978
1525-1356
1525-448
1526-165
1527-2879
1528-122
1529-1885
1529-2605
1530-2200
1531-2430
1532-2433
1533-2171
1534-416
1534-441
1534-427
1535-61
1535-1674
1535-1278
1535-1987
1536-1260
1537-2917
1537-2218
1538-1172
1539-2150
1539-2849
1539-327
1540-246
1541-1017
1542-1911
1543-2612
1543-1579
1543-2132
1544-1186
1545-1415
1545-343
1546-2282
1547-1134
1547-1883
1548-601
1548-1271
1549-1041
1550-1536
1550-1611
1551-738
1551-896
1552-500
1553-2433
1554-2398
1554-2614
1555-1001
1555-1913
1555-382
1556-799
1556-1790
1556-1067
1556-2519
1556-1710
1556-2562
1557-1271
1558-1216
1558-261
1558-1973
1559-2290
1560-80
1561-2662
1561-2463
1562-2379
1562-1980
1563-1415
1563-1078
1564-306
1565-548
1566-2246
1566-2570
1566-2512
1566-2927
1567-1885
1567-905
1568-677
1569-452
1570-2224
1570-2528
1571-829
1571-1935
1572-2364
1572-416
1572-2425
1572-360
1572-1147
1572-644
1572-727
1572-777
1572-183
1572-648
1573-995
1574-447
1574-2638
1575-383
1576-1806
1576-1367
1577-465
1577-514
1578-1006
1578-676
1578-1618
1578-1560
1578-723
1578-2135
1578-608
1578-2689
1578-1320
1578-1286
1578-389
1579-1202
1580-338
1581-1128
1582-439
1582-10
1583-665
1583-2456
1583-1214
1583-1106
1583-2624
1583-2761
1583-1113
1584-1092
1584-1468
1585-2056
1586-2800
1587-1158
1587-1119
1587-99
1588-2593
1588-174
1588-870
1588-2104
1588-2682
1588-1276
1588-1253
1588-673
1589-2591
1589-1232
1590-892
1591-1549
1592-2183
1592-1331
1592-819
1592-809
1593-5
1593-2684
1593-1575
1593-2951
1594-110
1594-959
1594-1918
1595-2365
1596-2051
1596-2169
1596-806
1597-1488
1597-2220
1598-2492
1598-1608
1599-2019
1600-2879
1601-2300
1602-1510
1602-2044
1602-2155
1603-1643
1603-1108
1604-2990
1605-327
1606-1876
1607-1331
1607-1576
1608-831
1609-2934
1609-2593
1609-742
1610-2593
1610-2436
1610-2639
1611-609
1611-748
1611-2859
1612-2425
1612-1742
1612-1490
1612-2876
1612-2446
1613-988
1613-222
1613-2323
1614-6
1614-2543
1614-1689
1615-448
1615-1886
1615-1341
1616-2127
1616-2662
1616-1593
1616-265
1617-2366
1618-2799
1619-2664
1619-1318
1619-2984
1619-295
1620-470
1621-617
1622-2910
1623-2676
1624-1926
1624-1789
1624-2036
1624-255
1625-1821
1626-1803
1627-389
1627-2260
1627-1808
1628-1778
1629-1947
1630-2440
1631-2443
1632-1266
1633-612
1634-174
1635-2531
1635-122
1635-2497
1636-412
1636-1345
1636-2824
1636-1779
1637-622
1637-2965
1638-1347
1638-2156
1638-2790
1638-1183
1639-855
1639-793
1640-2555
1640-1098
1641-451
1642-1402
1643-1258
1644-369
1644-2938
1644-538
1645-2286
1646-340
1647-2640
1648-573
1648-2311
1648-2543
1649-2333
1649-404
1650-1101
1650-2146
1650-1811
1650-8
1651-2478
1651-1638
1652-1951
1653-805
1653-96
1654-1055
1655-2727
1656-698
1657-999
1658-966
1658-1344
1659-1237
1660-437
1661-2218
1661-1243
1661-697
1662-2148
1662-1636
1663-1195
1664-1003
1665-1919
1665-2846
1666-1053
1667-209
1667-2126
1667-1769
1667-185
1668-261
1668-2484
1668-1531
1668-2947
1669-2629
1669-630
1669-2766
1669-2918
1669-1602
1670-288
1670-1511
1671-331
1671-70
1672-2986
1672-213
1673-2945
1674-2204
1675-1621
1676-2014
1677-1409
1678-1774
1679-428
1679-368
1680-241
1681-699
1682-1511
1682-2721
1682-2175
1683-1476
1684-1143
1684-732
1684-2694
1684-1720
1684-1555
1685-2311
1685-920
1685-2929
1686-1300
1687-2719
1687-2850
1687-1042
1688-4
1688-1414
1688-266
1689-372
1689-477
1690-1971
1691-2021
1692-1497
1693-623
1694-396
1695-705
1696-2851
1697-13
1698-2333
1699-638
1700-2736
1701-1768
1701-1744
1701-2587
1701-478
1701-2365
1701-1443
1701-1593
1701-396
1702-1134
1703-2022
1703-2378
1704-1086
1705-783
1705-1483
1706-1134
1707-1484
1707-540
1707-1072
1707-1272
1708-454
1708-709
1708-2286
1708-1138
1708-730
1709-423
1709-2334
1709-62
1709-1826
1709-2063
1709-1977
1710-44
1711-1175
1712-337
1713-664
1714-2014
1715-1477
1716-1220
1717-1223
1717-2317
1718-634
1719-2569
1720-1370
1720-1379
1720-2437
1721-2085
1722-2207
1722-490
1723-1073
1724-2344
1725-1212
1725-54
1725-293
1726-237
1727-1530
1727-479
1727-1648
1728-2524
1728-2046
1728-611
1728-2904
1728-433
1729-899
1730-1179
1731-957
1732-2374
1732-2276
1732-2083
1732-384
1732-1421
1733-1140
1734-1087
1734-1524
1735-2299
1735-869
1735-1453
1735-65
1735-2139
1736-1134
1737-2721
1738-301
1738-2719
1738-2843
1738-1884
1738-1616
1738-1193
1739-1167
1739-2036
1739-206
1740-1322
1741-494
1742-863
1743-729
1744-2015
1744-2571
1745-2669
1746-2333
1746-1479
1746-1844
1747-1944
1748-196
1749-2821
1749-1830
1750-1442
1750-1105
1750-1262
1751-1150
1752-1988
1752-1060
1752-1444
1752-2194
1752-712
1752-170
1753-2140
1754-244
1754-2466
1755-2001
1755-2171
1755-380
1755-1628
1755-16
1755-2
1756-766
1756-1272
1756-466
1757-2617
1757-2828
1757-768
1757-1117
1758-2710
1758-589
1759-555
1759-1105
1760-1311
1761-786
1762-21
1763-1442
1764-1174
1764-14
1764-2556
1764-2548
1764-873
1764-752
1764-1710
1764-2820
1764-551
1764-2013
1765-560
1766-2398
1766-949
1767-2278
1768-978
1768-2026
1769-1065
1769-303
1769-457
1769-644
1770-1026
1771-1545
1771-2633
1772-2007
1772-2270
1772-1140
1773-1390
1774-2591
1774-2059
1774-34
1774-781
1774-2610
1775-1533
1776-2363
1776-1444
1777-1654
1778-158
1778-2468
1778-971
1778-516
1778-1970
1779-906
1779-139
1780-2273
1780-2622
1781-168
1781-673
1782-2637
1783-434
1783-2279
1784-2228
1784-2369
1785-387
1786-1434
1787-1077
1787-16
1788-1294
1789-1163
1789-1136
1790-2054
1791-352
1792-1617
1792-1234
1793-919
1793-2453
1793-2289
1793-2320
1794-1956
1794-407
1794-219
1794-1901
1794-1824
1794-1908
1795-2881
1795-138
1795-2444
1795-2179
1795-1948
1796-1951
1796-1981
1796-1010
1797-2775
1797-1624
1797-2988
1798-2833
1798-2979
1799-1809
1800-987
1800-2280
1800-2620
1800-1805
1800-522
1800-1109
1801-2194
1802-2225
1802-1470
1802-1199
1802-251
1803-2250
1804-287
1805-1286
1805-226
1805-1804
1806-26
1806-2456
1807-1510
1808-1255
1809-1652
1810-212
1811-1056
1812-1898
1813-663
1814-531
1814-1380
1815-1270
1815-647
1816-516
1817-2685
1817-2146
1817-2844
1818-291
1818-2205
1818-643
1819-2414
1819-2801
1819-2384
1819-2818
1820-600
1820-1891
1821-49
1822-2097
1822-599
1823-152
1823-1612
1824-1782
1825-1481
1826-1346
1827-2749
1827-1179
1827-157
1827-2693
1827-1298
1827-2501
1828-489
1828-2167
1829-387
1829-2895
1830-2821
1831-2971
1831-903
1832-846
1833-1534
1833-781
1833-2069
1833-2698
1833-1487
1833-835
1833-926
1833-2355
1833-2012
1833-165
1833-177
1833-1761
1834-1517
1835-1817
1835-1984
1835-2063
1835-1652
1836-2961
1837-2803
1838-2175
1839-1753
1840-2705
1840-1088
1840-1988
1840-79
1841-163
1842-751
1843-278
1844-1672
1844-324
1844-2217
1845-1452
1846-960
1846-2820
1846-1448
1847-722
1847-681
1847-2251
1847-2900
1848-1073
1848-887
1849-2716
1850-1345
1851-541
1852-1288
1852-2076
1853-1086
1853-1562
1854-1353
1854-2463
1855-1905
1856-1841
1857-2301
1858-762
1859-1426
1859-2161
1860-1432
1860-92
1861-1255
1862-1447
1863-1633
1864-2873
1864-2467
1865-241
1866-1201
1867-1992
1867-2080
1868-2099
1868-2114
1868-1236
1868-595
1869-159
1869-1102
1870-2677
1870-2213
1871-562
1872-469
1873-2860
1873-1484
1874-626
1875-2594
1876-1661
1877-2091
1878-2329
1879-2375
1880-2587
1881-2305
1882-1927
1882-1552
1883-1213
1883-1301
1883-404
1883-443
1884-2043
1885-445
1885-1779
1886-1793
1886-2311
1887-1406
1887-227
1888-725
1888-334
1889-2481
1889-1268
1889-1011
1889-355
1889-2843
1889-890
1889-376
1890-1408
1891-2812
1892-2859
1892-2070
1892-1438
1893-1022
1893-1303
1893-1035
1893-2459
1894-1034
1894-709
1894-2044
1894-1228
1895-1239
1895-980
1896-2445
1897-331
1898-973
1899-31
1900-654
1901-2616
1902-2144
1902-871
1903-1331
1903-533
1903-2534
1903-321
1904-5
1905-2289
1905-2286
1905-2384
1905-69
1905-2082
1905-640
1906-2494
1906-2105
1906-2690
1906-2526
1906-930
1906-328
1907-531
1907-588
1907-457
1907-897
1907-2873
1907-220
1908-1566
1908-531
1909-2480
1910-1984
1910-1445
1910-2613
1910-370
1911-1954
1911-748
1912-533
1912-2483
1913-2602
1914-1480
1914-891
1914-1950
1915-898
1916-1285
1917-1459
1918-2171
1918-1883
1918-2526
1918-2699
1919-2626
1920-591
1920-675
1920-2706
1920-1934
1920-2826
1920-2916
1921-1785
1921-2190
1922-2719
1923-2725
1923-1055
1923-1524
1923-2390
1924-1066
1925-1558
1925-1955
1926-3
1927-1009
1927-2006
1928-2737
1928-1985
1928-1504
1928-125
1929-580
1929-1176
1930-1114
1931-291
1931-699
1932-2102
1932-2567
1932-1321
1932-1792
1933-1505
1934-717
1935-528
1936-1416
1936-2892
1936-310
1937-615
1937-2335
1938-2382
1938-2615
1939-28
1940-1388
1940-1549
1941-1362
1941-724
1941-1564
1941-1697
1942-1499
1942-2131
1942-1768
1942-953
1943-378
1943-2285
1943-1582
1944-1064
1944-1527
1944-2709
1944-1585
1945-1553
1946-1284
1946-2721
1946-1506
1946-217
1946-2849
1946-2483
1946-198
1947-2438
1948-1887
1948-1693
1949-402
1950-141
1950-1695
1950-733
1950-1211
1950-468
1951-2748
1952-1959
1952-1231
1952-1154
1952-2958
1952-1236
1952-1298
1953-1406
1953-300
1953-1675
1953-2514
1953-2386
1953-1483
1954-2478
1954-1308
1954-2952
1955-2001
1955-1641
1956-438
1956-1521
1957-56
1957-2982
1957-68
1958-1486
1959-958
1959-1106
1959-2533
1959-2214
1959-2597
1959-2840
1959-1281
1959-89
1959-1381
1960-2804
1961-88
1962-2372
1962-2149
1962-1644
1962-2291
1962-2213
1962-2800
1963-2950
1963-180
1964-2633
1965-1025
1966-1770
1967-1335
1968-258
1968-299
1968-2040
1968-1626
1968-498
1969-812
1969-440
1970-1088
1970-2008
1971-776
1972-2149
1973-2931
1973-2442
1973-2445
1973-1390
1973-315
1973-2979
1974-2632
1974-2943
1974-2425
1975-1835
1975-2644
1975-2859
1976-1580
1976-1609
1977-2684
1978-2725
1979-1961
1979-1727
1980-2268
1981-1875
1981-2311
1982-279
1983-263
1983-2249
1983-1123
1984-933
1985-2606
1985-2762
1986-1734
1987-2316
1988-419
1989-2438
1989-2274
1989-394
1989-293
1989-257
1990-1182
1991-2396
1992-2651
1992-1119
1993-2917
1993-201
1993-2199
1994-2548
1995-952
1995-1679
1996-1227
1996-434
1996-2768
1997-2041
1998-1577
1999-2373
2000-781
2000-2753
2001-447
2002-850
2003-1694
2003-1492
2003-2610
2004-68
2004-2547
2005-2447
2006-2940
2007-2924
2007-1035
2008-1381
2009-1788
2009-1289
2010-1967
2010-981
2011-1147
2012-2475
2013-1467
2014-2796
2015-1688
2015-1402
2016-764
2016-1575
2016-2142
2017-1755
2018-842
2018-1278
2019-2415
2019-2982
2019-75
2020-1597
2020-1166
2021-2375
2022-2030
2023-2666
2024-1079
2025-1593
2025-1073
2025-2988
2026-1100
2026-1818
2026-603
2027-2206
2027-2479
2027-1310
2028-1983
2029-2629
2029-2232
2029-31
2029-934
2029-971
2029-953
2029-2151
2029-223
2029-903
2029-2592
2029-2974
2030-1247
2031-1824
2032-2836
2033-2534
2033-1768
2033-2643
2033-2987
2033-2729
2034-159
2034-2077
2035-2217
2035-2456
2035-1166
2036-2372
2036-1800
2036-135
2037-488
2037-1215
2037-219
2038-1752
2038-452
2038-594
2039-554
2040-2414
2040-2325
2040-628
2041-129
2042-846
2043-2979
2044-2235
2045-980
2046-350
2046-225
2047-2772
2048-843
2049-965
2050-352
2051-1684
2052-2544
2053-2608
2054-2090
2054-1964
2054-199
2055-2935
2055-1772
2056-2136
2056-108
2056-1134
2057-711
2057-2332
2058-741
2059-668
2059-1552
2059-1050
2060-2335
2060-2170
2061-1160
2062-1414
2063-2231
2063-1395
2063-31
2064-1740
2065-257
2065-2764
2065-1318
2066-856
2067-1174
2068-1540
2068-1948
2068-2495
2069-660
2069-1344
2069-319
2070-557
2071-108
2071-2862
2071-1470
2071-207
2071-370
2072-1634
2072-2609
2073-501
2073-190
2074-2139
2075-1356
2076-872
2076-1291
2077-2612
2078-2956
2079-1745
2079-475
2080-2676
2080-631
2081-722
2082-39
2082-163
2082-2983
2083-1266
2083-1585
2084-2108
2084-2485
2085-1198
2085-422
2086-2122
2086-1756
2087-1378
2087-2226
2087-2011
2088-2642
2089-13
2090-825
2090-736
2091-309
2092-680
2093-1539
2094-2531
2094-253
2095-1764
2096-578
2096-1662
2097-455
2098-760
2098-1304
2099-1085
2099-834
2099-356
2100-525
2101-615
2101-68
2101-2377
2101-2057
2102-694
2102-1388
2103-1423
2103-1838
2103-375
2103-367
2104-619
2104-1708
2104-1097
2104-2248
2104-2851
2104-1479
2105-775
2106-1867
2107-1036
2108-1133
2109-672
2110-2683
2110-2674
2111-2258
2111-2172
2111-2253
2111-1651
2112-391
2112-794
2112-834
2112-2841
2112-1334
2113-2272
2113-961
2114-2850
2115-1553
2116-436
2117-2293
2117-1307
2117-2618
2118-1948
2119-526
2120-1820
2120-1386
2121-1370
2121-2494
2121-1969
2122-162
2123-2096
2123-825
2124-1723
2125-2046
2125-1895
2125-1550
2126-2935
2127-1747
2128-2024
2128-2394
2128-1764
2129-1978
2129-1480
2129-2928
2130-682
2131-1651
2132-1457
2132-2477
2132-1067
2132-2865
2132-1919
2132-625
2132-761
2133-1024
2134-2873
2135-98
2136-256
2137-171
2137-1680
2138-823
2139-1841
2140-1697
2141-1176
2142-1685
2143-532
2144-161
2144-2917
2144-1748
2144-1658
2145-2015
2146-1753
2146-2741
2146-1133
2146-1540
2146-2059
2147-1628
2147-2706
2148-2601
2148-1535
2149-2680
2150-1158
2150-1879
2150-1495
2150-2588
2150-718
2151-2651
2151-2793
2152-1020
2152-1619
2153-2322
2153-815
2153-1208
2153-1547
2153-801
2154-138
2154-741
2154-1728
2155-1378
2156-1927
2156-1235
2157-21
2158-130
2158-2224
2158-1349
2158-910
2159-1832
2160-1864
2161-1048
2162-1526
2162-847
2163-1280
2163-2265
2164-2452
2165-1818
2166-940
2166-914
2167-1847
2167-601
2168-1168
2169-2774
2170-2254
2170-1518
2170-919
2171-2818
2171-930
2171-1763
2172-1532
2172-1247
2172-619
2172-765
2172-380
2173-1044
2173-2306
2173-1151
2173-2262
2174-1421
2174-1071
2175-1613
2175-2909
2176-1253
2176-116
2177-215
2178-2193
2179-2382
2179-2812
2179-727
2179-1885
2180-284
2181-2125
2182-310
2182-31
2183-2014
2184-2546
2185-2052
2185-2674
2186-1438
2186-74
2187-2841
2187-2256
2187-2019
2188-2473
2189-2024
2190-1990
2191-2923
2191-1364
2191-1094
2192-1591
2193-2043
2194-2179
2194-691
2194-265
2195-2029
2195-1610
2196-2747
2197-659
2198-2621
2198-338
2199-267
2200-1753
2200-2119
2201-2007
2202-2278
2203-1040
2204-1640
2204-2591
2204-2377
2205-2130
2205-622
2206-596
2206-2171
2207-2414
2207-1052
2207-2436
2208-1844
2209-1864
2209-2413
2209-2874
2209-2248
2209-384
2210-2910
2211-2229
2212-987
2213-581
2213-519
2213-2718
2213-489
2213-2921
2214-2611
2214-845
2215-427
2215-2009
2215-637
2216-368
2217-1660
2217-996
2218-1668
2218-364
2218-993
2218-932
2218-522
2219-2242
2220-59
2221-1469
2222-1568
2223-1520
2224-2016
2225-405
2226-1341
2226-52
2226-489
2227-1865
2227-2058
2228-1301
2228-2633
2228-2906
2229-102
2230-946
2231-2550
2232-2715
2232-636
2233-1931
2234-2961
2234-498
2235-1611
2235-2185
2235-1721
2236-2920
2236-2698
2236-2402
2236-676
2236-2220
2237-2494
2238-2699
2239-2329
2239-2772
2240-232
2241-1223
2241-2984
2241-40
2241-448
2242-1380
2242-1383
2242-967
2243-2167
2243-41
2243-827
2243-1475
2244-1570
2244-1550
2245-931
2246-1174
2246-1414
2247-201
2247-1406
2248-2975
2248-1593
2249-2375
2249-858
2250-724
2251-2278
2251-814
2252-1784
2252-2010
2252-443
2253-373
2253-1027
2253-2270
2253-1233
2254-2321
2254-1134
2255-2508
2255-1170
2256-1751
2257-804
2258-26
2258-998
2258-2048
2259-2414
2260-921
2261-2919
2262-926
2262-2617
2262-2964
2262-1824
2262-2923
2262-488
2262-2974
2262-2736
2263-2474
2263-2844
2263-936
2264-704
2264-1778
2264-850
2265-1487
2265-373
2265-1819
2265-2460
2266-2066
2266-249
2267-2271
2267-1058
2268-1081
2268-856
2269-598
2270-1417
2270-2187
2270-1282
2270-2047
2270-161
2271-851
2271-1869
2272-1750
2272-1296
2272-2100
2272-865
2273-899
2273-1259
2273-832
2273-1626
2273-262
2274-365
2274-2358
2274-2314
2275-2654
2275-2851
2276-2381
2276-2700
2276-1480
2276-1931
2276-83
2277-2782
2278-532
2279-2049
2280-2744
2280-108
2281-1692
2281-284
2281-1290
2281-265
2281-1558
2281-472
2281-1841
2281-1674
2281-2343
2281-999
2282-2192
2283-1472
2284-456
2284-1422
2285-2615
2286-2105
2287-23
2287-2852
2287-149
2288-2939
2289-2511
2290-1912
2291-2571
2292-2417
2292-2749
2292-2581
2292-2803
2293-2141
2293-1916
2294-1326
2295-1475
2295-2048
2295-2505
2295-739
2296-59
2296-426
2296-1586
2296-475
2297-1990
2298-12
2299-2907
2300-2670
2301-115
2302-2226
2303-1426
2303-249
2304-2821
2305-72
2305-146
2306-2859
2307-2421
2307-2876
2307-324
2308-442
2309-1982
2310-2205
2311-717
2311-2509
2312-1017
2313-1213
2313-633
2314-456
2314-2463
2315-2896
2316-1614
2316-1479
2317-1366
2318-2313
2319-2002
2320-2144
2321-1785
2322-2137
2323-1719
2324-411
2325-1774
2326-2517
2326-1524
2327-77
2328-904
2329-735
2330-2669
2330-492
2330-2068
2330-533
2331-1521
2331-1256
2331-1653
2332-1123
2332-85
2332-2736
2332-1076
2333-2392
2333-2619
2333-826
2334-1858
2334-346
2334-2804
2334-1762
2335-1671
2335-413
2336-1636
2337-1012
2338-1322
2338-249
2339-1579
2339-1522
2339-2859
2339-474
2339-1884
2339-1416
2339-1083
2339-0
2339-13
2340-2586
2341-2128
2342-2186
2343-2720
2344-2961
2344-1179
2344-2291
2345-239
2345-2382
2345-1928
2345-1148
2346-2260
2347-2769
2347-1273
2348-2920
2348-1029
2349-2575
2350-1327
2350-2776
2351-1209
2351-115
2351-1213
2352-2629
2352-1935
2353-1343
2354-2276
2355-1494
2356-152
2357-2732
2358-151
2359-2435
2360-456
2361-1947
2361-2773
2362-2922
2363-13
2363-326
2364-330
2365-726
2366-2709
2366-8
2366-681
2366-2770
2366-801
2367-1007
2367-1251
2368-2432
2369-134
2370-1255
2371-2356
2371-1959
2372-1172
2372-1572
2372-2140
2373-2138
2374-887
2374-2032
2374-2504
2374-2229
2374-750
2375-880
2375-59
2375-2698
2375-674
2376-626
2377-154
2377-235
2377-1992
2377-369
2378-1249
2378-1475
2378-1939
2378-2858
2379-2304
2380-1036
2381-148
2382-2267
2382-968
2383-1495
2384-1197
2385-260
2386-1800
2387-609
2388-1600
2389-657
2390-2612
2391-1989
2392-314
2393-2944
2394-303
2394-216
2394-325
2394-2048
2394-924
2395-1802
2395-2964
2395-1020
2396-1167
2397-353
2397-254
2398-915
2398-2035
2399-2812
2399-2910
2399-1327
2400-742
2400-1997
2401-374
2401-651
2402-1329
2403-2628
2403-2919
2403-1703
2403-2709
2404-1090
2404-570
2404-2266
2404-2902
2405-2639
2406-1627
2407-2476
2408-763
2408-1734
2408-252
2409-2854
2409-577
2410-1858
2410-752
2410-2629
2410-1929
2411-2302
2411-2019
2412-2640
2413-1858
2414-1798
2415-1493
2415-731
2416-2080
2417-2845
2417-60
2418-1852
2418-2030
2418-2753
2418-1256
2419-2415
2419-2677
2419-2605
2420-1956
2420-405
2421-428
2421-651
2421-2680
2421-2622
2422-1233
2422-2532
2422-1812
2422-473
2423-2023
2424-1770
2424-1149
2424-1571
2424-2545
2425-1203
2425-844
2426-2961
2427-2287
2428-2094
2429-1891
2429-2700
2430-89
2430-500
2430-2257
2431-1168
2431-2755
2432-2612
2432-1498
2432-658
2432-1253
2433-1808
2433-2624
2434-580
2435-1396
2436-1018
2437-625
2438-1545
2438-2818
2438-1452
2439-2336
2440-589
2441-2344
2442-2070
2442-220
2442-2469
2442-1010
2442-1584
2442-1071
2442-314
2443-438
2443-1432
2444-2912
2444-579
2445-1160
2445-1616
2446-67
2446-1182
2446-2442
2447-12
2447-1852
2447-2334
2447-1525
2448-1924
2448-1137
2448-2928
2449-1356
2450-1496
2451-2862
2452-1709
2452-2009
2453-546
2454-2176
2455-1258
2455-2597
2456-2755
2457-2033
2458-1292
2459-2019
2459-2957
2459-375
2459-937
2460-2767
2460-1893
2460-1807
2461-486
2462-1168
2462-2248
2463-2038
2463-1264
2464-2252
2464-1386
2464-433
2465-979
2465-2950
2465-1864
2466-1529
2467-2295
2468-2620
2469-1144
2469-2464
2469-1832
2469-227
2469-1794
2470-1510
2471-1404
2471-1254
2472-430
2472-2412
2473-1979
2474-1807
2474-2592
2474-625
2474-1738
2474-1278
2474-46
2474-1232
2474-1825
2475-1553
2476-2268
2476-575
2476-1551
2476-1590
2476-2719
2477-2653
2478-1939
2478-257
2479-1824
2480-1109
2480-853
2480-1835
2480-1701
2480-1601
2480-2479
2481-1376
2482-2299
2482-2925
2483-2314
2484-1973
2484-143
2484-2298
2485-858
2485-1134
2486-2435
2487-1011
2488-1230
2489-1920
2490-590
2490-136
2491-2726
2492-1986
2493-2268
2493-667
2493-2188
2493-1562
2494-2337
2494-2232
2495-2338
2496-1177
2497-276
2497-1745
2497-610
2498-1037
2499-2458
2500-1948
2501-860
2502-2814
2502-912
2502-2963
2502-1395
2503-1298
2503-2998
2503-2382
2504-1059
2504-1677
2504-268
2504-2716
2504-1627
2504-982
2505-1475
2506-735
2507-502
2508-866
2508-622
2509-791
2510-1908
2510-1804
2510-1753
2511-1686
2512-1034
2513-138
2513-1525
2513-2678
2513-2185
2513-145
2514-1031
2514-2706
2514-2379
2514-1158
2514-132
2514-2469
2514-1312
2514-2985
2515-2053
2515-2602
2516-68
2516-1366
2516-105
2517-1095
2518-2446
2519-1795
2519-2642
2520-1005
2521-2733
2521-671
2522-1557
2523-108
2524-100
2525-1013
2526-1299
2526-450
2526-924
2526-2137
2526-2388
2527-2481
2527-2111
2527-2192
2527-1215
2527-1911
2527-1320
2527-1182
2528-2621
2529-2598
2530-680
2531-1554
2532-1816
2532-1332
2533-2140
2534-1901
2535-2506
2535-190
2536-2087
2537-2178
2537-1858
2538-867
2538-2766
2539-2566
2540-1816
2540-71
2540-2695
2540-717
2541-141
2542-1638
2542-978
2543-658
2544-1455
2545-1120
2545-678
2545-570
2545-385
2546-1300
2546-758
2546-2973
2546-1732
2546-2784
2547-2380
2548-2083
2549-2388
2549-1952
2550-2149
2551-842
2551-2688
2552-1550
2553-343
2553-2320
2554-1904
2554-1822
2555-2982
2556-1883
2557-641
2558-2226
2559-2474
2560-2241
2560-1008
2560-2217
2561-1502
2562-1951
2562-2229
2562-2420
2563-2750
2563-1210
2563-2304
2564-2976
2564-791
2564-1422
2564-2032
2565-2946
2565-969
2565-856
2566-2626
2566-2881
2567-2917
2568-2120
2569-2715
2570-426
2570-1760
2570-728
2571-1587
2571-46
2571-796
2572-1213
2572-2427
2573-2541
2574-2269
2574-2259
2575-881
2576-1774
2576-2751
2576-159
2576-2699
2577-837
2578-314
2578-316
2579-1219
2580-1560
2580-1321
2581-2174
2581-1335
2582-948
2582-156
2583-172
2584-2553
2584-1568
2584-2289
2584-666
2584-2148
2585-1687
2586-921
2587-1110
2587-835
2587-2409
2588-2470
2589-1693
2590-1977
2591-717
2591-265
2592-2957
2592-625
2592-2599
2593-1977
2594-2334
2594-1281
2594-2737
2595-1200
2596-757
2596-2458
2597-1754
2598-2880
2598-1091
2598-2036
2598-2539
2598-404
2599-1393
2599-2739
2600-1483
2601-2875
2602-2370
2603-1793
2603-281
2603-2368
2604-2406
2605-1246
2606-2574
2607-1304
2608-2122
2609-1832
2610-2129
2611-2324
2612-2779
2612-716
2613-2642
2613-690
2614-1133
2615-341
2616-2272
2617-32
2618-1256
2619-649
2619-1131
2620-51
2620-753
2620-1784
2621-929
2621-1411
2622-667
2622-230
2622-2121
2623-1905
2624-2095
2625-477
2626-498
2627-637
2627-1035
2628-1994
2628-1784
2628-1656
2629-397
2629-750
2630-2126
2630-2525
2631-502
2631-1106
2631-10
2631-1777
2632-428
2633-207
2634-346
2634-917
2634-2464
2635-2012
2635-1675
2636-112
2637-800
2637-1829
2638-247
2639-2783
2640-2179
2640-1450
2641-561
2642-2286
2642-783
2642-2954
2642-2802
2642-1255
2642-1433
2642-1391
2642-596
2642-2253
2642-288
2642-938
2643-2409
2644-2760
2644-1235
2644-2061
2645-455
2646-790
2646-1764
2646-1312
2646-1258
2647-2042
2647-822
2647-2068
2648-1316
2649-115
2650-2098
2650-216
2651-875
2651-1298
2652-2123
2652-2253
2652-1600
2653-804
2653-1940
2654-1526
2654-2053
2655-1985
2655-1593
2656-2616
2657-2802
2658-83
2659-742
2659-2359
2659-486
2660-2975
2660-1862
2661-1513
2661-2934
2662-2225
2663-1089
2663-2006
2664-2541
2665-1902
2665-1957
2666-1677
2667-2942
2667-2409
2667-2193
2668-356
2668-119
2669-1686
2669-2259
2670-484
2670-1516
2670-2845
2670-2039
2671-1889
2672-1542
2673-1440
2674-364
2674-1660
2674-2914
2675-1370
2676-763
2676-546
2676-740
2677-2107
2678-199
2679-884
2679-2614
2680-1205
2680-1286
2680-1603
2680-2648
2680-2099
2681-2380
2681-2307
2682-2476
2682-609
2683-2982
2683-2700
2683-137
2683-2606
2683-2232
2684-1918
2685-1291
2685-1974
2686-2322
2687-399
2687-2777
2687-2074
2687-2086
2687-849
2687-1838
2688-2087
2688-1079
2688-398
2689-2447
2690-1915
2690-2695
2691-2672
2691-1503
2691-2832
2692-1265
2692-1955
2692-653
2692-1601
2692-1719
2692-930
2693-2953
2693-768
2694-2503
2694-2904
2694-358
2695-290
2696-770
2697-1920
2698-2474
2698-1291
2699-577
2700-2220
2701-1882
2702-53
2703-638
2704-519
2704-404
2705-1416
2706-2964
2706-528
2707-2918
2708-388
2709-437
2710-344
2711-613
2711-1192
2711-1504
2712-104
2712-2019
2712-1586
2713-2011
2714-2366
2715-2705
2716-968
2717-1587
2717-1360
2718-847
2719-2591
2719-2870
2719-2144
2720-1072
2721-313
2721-295
2722-1105
2722-1785
2722-709
2723-1509
2724-1339
2724-1200
2724-2435
2724-1059
2724-2180
2725-1546
2725-461
2725-613
2726-1171
2726-1501
2726-154
2727-1228
2728-2
2728-1153
2728-1643
2729-1510
2730-28
2731-651
2731-2338
2732-2343
2733-909
2733-1777
2733-595
2734-2384
2735-1101
2736-1858
2737-1635
2738-2557
2738-761
2739-2730
2739-777
2739-1639
2739-2203
2739-780
2740-2368
2741-559
2742-2704
2742-2462
2742-476
2742-2938
2743-2587
2744-2622
2745-1059
2746-2790
2746-325
2747-818
2748-820
2749-2486
2749-1864
2749-2199
2750-2778
2751-505
2751-1330
2752-2756
2752-103
2753-57
2753-592
2753-972
2753-1816
2754-463
2755-1980
2756-2608
2757-112
2758-538
2759-58
2760-2374
2761-2381
2762-284
2763-1394
2763-894
2764-2327
2765-1852
2766-1183
2767-1641
2767-1424
2767-2331
2768-1798
2768-1520
2769-998
2770-1148
2771-1230
2771-560
2772-2555
2773-2879
2774-1481
2775-921
2775-1769
2776-2477
2776-758
2776-2725
2776-2530
2776-2917
2777-2139
2778-836
2778-2531
2779-2614
2779-1791
2779-2539
2780-2406
2780-91
2781-2194
2781-1381
2781-2153
2782-2875
2783-2006
2784-178
2784-1600
2785-311
2786-705
2786-2218
2787-1600
2788-1705
2788-143
2789-2541
2790-1317
2790-1187
2790-2281
2791-5
2792-1904
2792-15
2793-1696
2793-1197
2794-98
2795-2696
2796-1868
2796-759
2797-2756
2798-1343
2799-1360
2799-1694
2799-1837
2800-1958
2800-1698
2800-2128
2800-2275
2801-2827
2801-992
2801-1535
2801-322
2802-2164
2803-1674
2804-1244
2804-199
2804-996
2804-911
2804-2562
2805-2862
2806-2873
2806-410
2806-551
2806-1532
2806-1218
2806-1477
2806-1313
2806-324
2807-1360
2807-870
2807-1483
2807-1897
2808-2468
2809-1645
2809-1721
2809-486
2809-129
2810-1306
2810-2487
2810-1181
2810-765
2810-970
2811-2669
2812-2682
2813-1269
2813-556
2814-2920
2814-512
2815-2246
2816-23
2817-1650
2818-2499
2819-1263
2819-2828
2820-1842
2821-2614
2821-2948
2821-2958
2821-2880
2821-1487
2821-2073
2821-2201
2822-2074
2823-1539
2824-2084
2825-1808
2826-1799
2826-898
2826-2631
2827-1768
2827-2840
2827-2807
2827-732
2827-2973
2827-2283
2827-2854
2828-2768
2828-263
2828-1505
2829-1230
2829-669
2830-2525
2830-50
2830-571
2830-2638
2831-1648
2831-896
2831-388
2832-1707
2832-1725
2832-388
2833-2806
2834-1466
2835-1364
2836-635
2837-1719
2838-1735
2839-315
2839-2398
2840-1757
2841-1793
2841-2698
2842-1358
2843-1763
2843-533
2844-1642
2845-2578
2846-85
2847-1966
2847-1614
2848-1278
2848-421
2849-2802
2850-84
2850-1276
2851-2289
2852-1099
2852-1476
2852-1585
2852-1211
2852-1752
2853-1870
2853-1954
2853-309
2854-1579
2855-2663
2856-1576
2857-1207
2858-261
2859-1872
2859-1841
2860-194
2861-1535
2861-2522
2861-2585
2861-930
2861-2718
2861-2887
2861-2197
2861-2978
2862-1748
2862-2908
2863-146
2864-376
2865-2684
2866-2378
2867-1200
2868-2637
2868-67
2868-828
2869-1260
2870-2254
2870-454
2870-2136
2870-1530
2871-2725
2871-325
2872-2161
2872-1770
2872-1071
2873-218
2874-1801
2875-2512
2876-642
2877-2132
2877-1068
2878-1236
2879-719
2879-1865
2879-2408
2880-1555
2880-413
2881-2422
2881-2630
2882-2701
2882-2911
2882-1914
2882-1292
2882-726
2883-2132
2883-2334
2884-1126
2885-421
2886-2454
2886-494
2886-1425
2887-2612
2887-260
2888-423
2888-2956
2889-1242
2889-82
2890-300
2891-2198
2891-569
2891-85
2891-1548
2892-1775
2892-2221
2893-2972
2893-2296
2894-803
2895-1459
2896-1239
2896-2232
2897-59
2898-623
2899-2159
2900-1537
2900-2210
2900-871
2900-670
2900-2321
2900-2143
2900-2933
2901-1385
2902-2806
2902-2350
2902-2938
2903-560
2903-821
2904-583
2905-2168
2906-574
2906-21
2906-2454
2906-1571
2906-2180
2906-639
2907-424
2908-2921
2909-1473
2910-1599
2910-291
2910-2185
2911-427
2911-2921
2911-1067
2912-1345
2912-1511
2913-1473
2914-1224
2914-118
2915-1638
2915-1270
2916-1127
2916-924
2917-2499
2917-942
2918-289
2918-2662
2918-279
2919-2212
2920-230
2921-1581
2922-1028
2923-1533
2924-1617
2925-788
2926-2169
2926-2467
2926-2161
2926-2206
2926-152
2927-2026
2927-217
2927-2714
2927-1683
2928-5
2929-1305
2930-539
2930-1923
2931-243
2931-393
2931-2645
2931-595
2932-1430
2932-1561
2932-747
2932-2514
2933-104
2934-2536
2935-1791
2935-2694
2936-674
2936-597
2937-1972
2938-2711
2938-897
2939-1361
2940-1102
2941-2915
2941-647
2942-2488
2942-1053
2942-2934
2942-280
2943-1751
2943-1274
2944-195
2944-601
2945-746
2946-2920
2946-2088
2946-1448
2946-472
2946-813
2946-1044
2947-1242
2947-2563
2947-2332
2947-1523
2947-321
2947-2349
2947-2530
2948-1757
2949-2845
2949-2360
2950-2296
2951-2580
2952-1511
2952-2903
2953-1500
2953-1710
2953-2934
2954-864
2954-821
2955-2465
2955-1066
2956-2134
2956-1909
2957-1018
2958-658
2958-1826
2958-2824
2959-1121
2959-2487
2960-701
2960-34
2961-2773
2962-806
2962-445
2963-1338
2963-570
2963-1863
2963-2176
2964-918
2964-1778
2965-2127
2966-1831
2967-1302
2967-324
2968-2376
2968-1967
2969-540
2970-961
2970-2631
2970-1890
2971-1083
2972-1302
2972-1024
2973-1924
2974-1246
2975-258
2975-2341
2975-1852
2976-2210
2977-1114
2977-325
2977-792
2977-1829
2978-2363
2979-2033
2979-2697
2980-890
2980-2236
2980-2818
2981-1136
2982-423
2983-1831
2984-751
2985-2349
2985-1405
2986-1852
2987-781
2988-2958
2989-2982
2990-621
2990-1009
2991-228
2991-1573
2991-1540
2991-1713
2991-2267
2991-2411
2991-442
2991-761
2992-1233
2993-1413
2993-2223
2993-636
2993-2603
2994-1082
2995-1044
2995-308
2995-1455
2996-637
2996-280
2996-708
2996-1404
2997-1787
2998-888
2999-538
2999-2022
2999-2642
2999-503
start-1865
start-1702
start-2492
start-1139
start-1317
start-2462
end-2606
end-1891
